PLAYER_ID,PLAYER_NAME,NICKNAME,TEAM_ID,TEAM_ABBREVIATION,AGE,GP,W,L,W_PCT,MIN,FGM,FGA,FG_PCT,FG3M,FG3A,FG3_PCT,FTM,FTA,FT_PCT,OREB,DREB,REB,AST,TOV,STL,BLK,BLKA,PF,PFD,PTS,PLUS_MINUS,NBA_FANTASY_PTS,DD2,TD3,WNBA_FANTASY_PTS,GP_RANK,W_RANK,L_RANK,W_PCT_RANK,MIN_RANK,FGM_RANK,FGA_RANK,FG_PCT_RANK,FG3M_RANK,FG3A_RANK,FG3_PCT_RANK,FTM_RANK,FTA_RANK,FT_PCT_RANK,OREB_RANK,DREB_RANK,REB_RANK,AST_RANK,TOV_RANK,STL_RANK,BLK_RANK,BLKA_RANK,PF_RANK,PFD_RANK,PTS_RANK,PLUS_MINUS_RANK,NBA_FANTASY_PTS_RANK,DD2_RANK,TD3_RANK,WNBA_FANTASY_PTS_RANK,DEF_RATING_RANK,PIE,FGM_PG,FGA_PG,E_OFF_RATING,DREB_PCT_RANK,E_DEF_RATING,PACE_RANK,PACE,E_NET_RATING_RANK,EFG_PCT,sp_work_OFF_RATING,OFF_RATING_RANK,sp_work_NET_RATING,USG_PCT_RANK,AST_PCT_RANK,POSS,sp_work_PACE_RANK,sp_work_NET_RATING_RANK,DEF_RATING,sp_work_DEF_RATING_RANK,DREB_PCT,E_TOV_PCT_RANK,sp_work_PACE,sp_work_DEF_RATING,REB_PCT,USG_PCT,AST_RATIO,NET_RATING,AST_TO_RANK,E_PACE,EFG_PCT_RANK,FGM_PG_RANK,REB_PCT_RANK,E_TOV_PCT,AST_RATIO_RANK,PACE_PER40,PIE_RANK,AST_PCT,OREB_PCT,TM_TOV_PCT_RANK,TS_PCT_RANK,AST_TO,OFF_RATING,E_USG_PCT_RANK,E_USG_PCT,E_DEF_RATING_RANK,OREB_PCT_RANK,NET_RATING_RANK,E_PACE_RANK,TS_PCT,sp_work_OFF_RATING_RANK,TM_TOV_PCT,FGA_PG_RANK,E_NET_RATING,E_OFF_RATING_RANK,BACKCOURT_FG_PCT,LEFT_CORNER_3_FG_PCT,MID_FGM,RA_FG_PCT,CORNER_3_FGA,RA_FGA,ITP_FGA,MID_FGA,ABOVE_BREAK_3_FGM,ABOVE_BREAK_3_FGA,MID_FG_PCT,CORNER_3_FG_PCT,RA_FGM,RIGHT_CORNER_3_FG_PCT,BACKCOURT_FGA,RIGHT_CORNER_3_FGM,CORNER_3_FGM,BACKCOURT_FGM,ITP_FG_PCT,ITP_FGM,ABOVE_BREAK_3_FG_PCT,RIGHT_CORNER_3_FGA,LEFT_CORNER_3_FGM,LEFT_CORNER_3_FGA,FGM_35_39,FGM_10_14,FGP_20_24,FGA_15_19,FGM_20_24,FGM_40_PLUS,FGP_15_19,FGP_35_39,FGP_25_29,FGA_30_34,FGM_LT_5,FGA_LT_5,FGA_20_24,FGP_30_34,TEAM_ABBR,FGM_30_34,FGP_LT_5,FGM_15_19,FGP_40_PLUS,FGA_10_14,FGA_25_29,FGP_10_14,FGA_5_9,FGA_35_39,FGP_5_9,FGA_40_PLUS,FGM_5_9,FGM_25_29,year,date,PASSES_MADE,AST_TO_PASS_PCT,PASSES_RECEIVED,FT_AST,AST_PTS_CREATED,POTENTIAL_AST,AST_TO_PASS_PCT_ADJ,SECONDARY_AST,AST_ADJ,DRIVE_TOV_PCT,DRIVE_PF,DRIVE_FTM,DRIVES,DRIVE_PASSES_PCT,DRIVE_TOV,DRIVE_AST_PCT,DRIVE_FT_PCT,DRIVE_PF_PCT,DRIVE_FG_PCT,DRIVE_FGM,DRIVE_PASSES,DRIVE_FGA,DRIVE_FTA,DRIVE_PTS,DRIVE_AST,DRIVE_PTS_PCT,TOUCHES,PTS_PER_POST_TOUCH,FRONT_CT_TOUCHES,ELBOW_TOUCHES,POINTS,PAINT_TOUCHES,PTS_PER_PAINT_TOUCH,AVG_DRIB_PER_TOUCH,PTS_PER_ELBOW_TOUCH,AVG_SEC_PER_TOUCH,POST_TOUCHES,TIME_OF_POSS,PTS_PER_TOUCH,REB_CHANCE_PCT,OREB_CONTEST,AVG_OREB_DIST,OREB_CONTEST_PCT,OREB_CHANCES,REB_CONTEST_PCT,REB_CHANCE_DEFER,DREB_CONTEST_PCT,DREB_CHANCE_PCT,AVG_REB_DIST,AVG_DREB_DIST,REB_CONTEST,DREB_CHANCE_PCT_ADJ,DREB_CHANCE_DEFER,REB_UNCONTEST,DREB_CONTEST,OREB_CHANCE_PCT,OREB_CHANCE_DEFER,DREB_CHANCES,OREB_UNCONTEST,REB_CHANCE_PCT_ADJ,OREB_CHANCE_PCT_ADJ,DREB_UNCONTEST,REB_CHANCES,very_tight_FG2A_FREQUENCY,very_tight_EFG_PCT,very_tight_FG3A_FREQUENCY,very_tight_FG3A,very_tight_FGM,very_tight_FG2_PCT,PLAYER_LAST_TEAM_ABBREVIATION,very_tight_FGA,very_tight_FG3_PCT,very_tight_FG3M,very_tight_FG2M,G,PLAYER_LAST_TEAM_ID,very_tight_FG2A,very_tight_FGA_FREQUENCY,very_tight_FG_PCT,tight_FGA,tight_FGA_FREQUENCY,tight_FG2_PCT,tight_FG2A_FREQUENCY,tight_FG2A,tight_EFG_PCT,tight_FG3A,tight_FG3_PCT,tight_FGM,tight_FG3M,tight_FG_PCT,tight_FG3A_FREQUENCY,tight_FG2M,open_FGA_FREQUENCY,open_FG3A,open_FGA,open_FG2M,open_EFG_PCT,open_FG2A,open_FG3A_FREQUENCY,open_FG_PCT,open_FG3_PCT,open_FG2_PCT,open_FGM,open_FG3M,open_FG2A_FREQUENCY,wide_open_FG2A,wide_open_FG_PCT,wide_open_FG3A,wide_open_EFG_PCT,wide_open_FG2M,wide_open_FG3M,wide_open_FG2A_FREQUENCY,wide_open_FG3A_FREQUENCY,wide_open_FGM,wide_open_FGA_FREQUENCY,wide_open_FG3_PCT,wide_open_FGA,wide_open_FG2_PCT,PULL_UP_FG3M,PULL_UP_FGM,PULL_UP_FG3A,PULL_UP_FG3_PCT,PULL_UP_PTS,PULL_UP_FG_PCT,PULL_UP_FGA,PULL_UP_EFG_PCT,EFF_FG_PCT,CATCH_SHOOT_FG_PCT,POST_TOUCH_FG_PCT,ELBOW_TOUCH_FG_PCT,POST_TOUCH_PTS,PAINT_TOUCH_FG_PCT,ELBOW_TOUCH_PTS,PAINT_TOUCH_PTS,CATCH_SHOOT_PTS,NS_LT_06_PCT,FGM_LT_06,LT_06_PCT,FREQ,PLAYER_POSITION,FGA_LT_06,PLUSMINUS,CATCH_SHOOT_FG3A,CATCH_SHOOT_FGM,CATCH_SHOOT_FG3_PCT,CATCH_SHOOT_FGA,CATCH_SHOOT_EFG_PCT,CATCH_SHOOT_FG3M,HTM,VTM,opp_team,team,opp_id,series_key
2411,Bostjan Nachbar,Bostjan,1610612751,NJN,26.0,1,1,0,1.0,28.985,5,11,0.455,2,4,0.5,4,4,1.0,1,4,5,4,0,0,0,1,0,3,16,10,28.0,0,0,27.0,1,1,1,1,33,17,23,32,6,15,8,11,18,1,20,20,22,10,48,38,31,51,1,20,15,9,20,7,1,22,55,0.184,5.0,11.0,115.4,34,102.1,26,94.39,19,0.545,119.0,1,13.6,31,20,58,26,19,105.4,55,0.138,1,94.39,105.4,0.089,0.188,23.5,13.6,39,97.37,24,17,31,0.0,20,78.66,9,0.211,0.037,1,17,0.0,119.0,33,0.188,45,32,19,8,0.627,1,0.0,23,13.3,9,0.0,1.0,0.0,0.6,2.0,5.0,0.0,2.0,0.0,2.0,0.0,1.0,3.0,1.0,0.0,1.0,2.0,0.0,0.0,0.0,0.0,1.0,1.0,1.0,,0.0,0.5,2.0,2.0,0.0,0.0,,0.0,,3.0,5.0,4.0,,NJN,,0.6,0.0,0.0,0.0,0.0,0.0,0.0,,0.0,0.0,0.0,0.0,2007,20070421,,,,,,,,,,,,,,,,,,,,,,,,,,,,,,,,,,,,,,,,,,,,,,,,,,,,,,,,,,,,,,,,,,,,,,,,,,,,,,,,,,,,,,,,,,,,,,,,,,,,,,,,,,,,,,,,,,,,,,,,,,,,,,,,,,,,,,,,,,,,,,,,,,,,,,,TOR,NJN,1610612761,NJN_TOR_2007
1713,Vince Carter,Vince,1610612751,NJN,30.0,1,1,0,1.0,33.223333333333336,5,19,0.263,1,3,0.333,5,8,0.625,0,7,7,3,3,1,3,0,4,5,16,-11,37.9,0,0,35.0,1,1,1,1,23,17,3,59,14,19,15,8,6,32,41,9,15,13,11,12,1,1,56,10,15,66,10,7,1,10,54,0.044,5.0,19.0,85.9,13,104.4,30,93.91,56,0.289,87.7,56,-16.9,2,23,65,30,59,104.6,54,0.2,42,93.91,104.6,0.093,0.351,10.3,-16.9,21,95.01,60,17,29,10.5,44,78.26,55,0.188,0.0,42,57,1.0,87.7,3,0.353,52,41,59,22,0.355,56,10.3,3,-18.5,60,,0.0,2.0,0.333,0.0,3.0,3.0,10.0,1.0,3.0,0.2,0.0,1.0,0.0,,0.0,0.0,,0.333,1.0,0.333,0.0,0.0,0.0,,0.0,0.4,4.0,2.0,,0.25,,0.0,,1.0,3.0,5.0,,NJN,,0.333,1.0,,2.0,1.0,0.0,4.0,,0.25,,1.0,0.0,2007,20070421,,,,,,,,,,,,,,,,,,,,,,,,,,,,,,,,,,,,,,,,,,,,,,,,,,,,,,,,,,,,,,,,,,,,,,,,,,,,,,,,,,,,,,,,,,,,,,,,,,,,,,,,,,,,,,,,,,,,,,,,,,,,,,,,,,,,,,,,,,,,,,,,,,,,,,,TOR,NJN,1610612761,NJN_TOR_2007
101120,Antoine Wright,Antoine,1610612751,NJN,23.0,1,1,0,1.0,15.101666666666668,3,6,0.5,0,1,0.0,0,0,0.0,1,2,3,0,1,1,1,0,0,0,6,12,14.6,0,0,13.0,1,1,1,1,59,33,38,20,24,32,24,46,53,46,20,39,41,53,28,12,6,1,1,60,40,7,44,7,1,45,5,0.128,3.0,6.0,120.4,45,73.2,9,98.53,1,0.5,109.4,15,32.7,29,53,32,9,1,76.7,5,0.1,56,98.53,76.7,0.088,0.194,0.0,32.7,39,96.12,25,33,32,14.3,53,82.11,23,0.0,0.071,56,42,0.0,109.4,23,0.212,4,21,1,16,0.5,15,14.3,38,47.1,2,0.0,0.0,1.0,0.667,0.0,3.0,0.0,2.0,0.0,0.0,0.5,0.0,2.0,0.0,1.0,0.0,0.0,0.0,0.0,0.0,0.0,0.0,0.0,0.0,,1.0,0.0,0.0,0.0,0.0,0.0,,0.0,,2.0,3.0,1.0,,NJN,,0.667,0.0,0.0,1.0,0.0,1.0,0.0,,0.0,1.0,0.0,0.0,2007,20070421,,,,,,,,,,,,,,,,,,,,,,,,,,,,,,,,,,,,,,,,,,,,,,,,,,,,,,,,,,,,,,,,,,,,,,,,,,,,,,,,,,,,,,,,,,,,,,,,,,,,,,,,,,,,,,,,,,,,,,,,,,,,,,,,,,,,,,,,,,,,,,,,,,,,,,,TOR,NJN,1610612761,NJN_TOR_2007
200801,Hassan Adams,Hassan,1610612751,NJN,23.0,1,1,0,1.0,0.0283333333333333,0,0,0.0,0,0,0.0,0,0,0.0,0,0,0,0,0,0,0,0,0,0,0,0,0.0,0,0,0.0,1,1,1,1,75,67,74,67,24,39,24,46,53,46,41,68,71,53,48,38,31,1,1,60,69,38,74,7,1,74,1,0.0,0.0,0.0,0.0,68,0.0,1,1694.12,38,0.0,0.0,75,0.0,74,53,2,1,38,0.0,1,0.0,1,1694.14,0.0,0.0,0.0,0.0,0.0,39,847.06,67,67,71,0.0,53,1411.76,63,0.0,0.0,1,69,0.0,0.0,74,0.0,1,41,38,1,0.0,75,0.0,74,0.0,75,0.0,,,0.0,,0.0,,,,,,,0.0,,0.0,,,0.0,,,,,,,,,,,,0.0,,,,,0.0,0.0,,,NJN,,0.0,,0.0,,,,,,,0.0,,,2007,20070421,,,,,,,,,,,,,,,,,,,,,,,,,,,,,,,,,,,,,,,,,,,,,,,,,,,,,,,,,,,,,,,,,,,,,,,,,,,,,,,,,,,,,,,,,,,,,,,,,,,,,,,,,,,,,,,,,,,,,,,,,,,,,,,,,,,,,,,,,,,,,,,,,,,,,,,TOR,NJN,1610612761,NJN_TOR_2007
1630,Mikki Moore,Mikki,1610612751,NJN,31.0,1,1,0,1.0,28.135,3,8,0.375,0,0,0.0,3,4,0.75,3,4,7,0,1,2,1,0,4,3,9,15,25.4,0,0,22.0,1,1,1,1,35,33,28,46,24,39,24,18,18,23,7,20,15,53,28,4,6,1,56,20,31,3,27,7,1,29,8,0.069,3.0,8.0,107.6,38,81.6,11,97.25,3,0.375,108.8,16,26.3,42,53,57,11,4,82.5,8,0.125,38,97.25,82.5,0.115,0.159,0.0,26.3,39,98.27,51,33,19,9.3,53,81.04,47,0.0,0.103,37,47,0.0,108.8,44,0.159,9,10,4,7,0.461,16,9.1,28,26.0,18,,0.0,1.0,0.0,0.0,2.0,2.0,4.0,0.0,0.0,0.25,0.0,0.0,0.0,,0.0,0.0,,1.0,2.0,0.0,0.0,0.0,0.0,,1.0,0.0,3.0,0.0,,0.333,,0.0,,0.0,2.0,1.0,,NJN,,0.0,1.0,,1.0,0.0,1.0,1.0,,1.0,,1.0,0.0,2007,20070421,,,,,,,,,,,,,,,,,,,,,,,,,,,,,,,,,,,,,,,,,,,,,,,,,,,,,,,,,,,,,,,,,,,,,,,,,,,,,,,,,,,,,,,,,,,,,,,,,,,,,,,,,,,,,,,,,,,,,,,,,,,,,,,,,,,,,,,,,,,,,,,,,,,,,,,TOR,NJN,1610612761,NJN_TOR_2007
200766,Marcus Williams,Marcus,1610612751,NJN,21.0,1,1,0,1.0,9.908333333333331,2,5,0.4,0,2,0.0,0,0,0.0,0,2,2,2,1,0,0,0,1,0,4,4,8.4,0,0,8.0,1,1,1,1,66,41,46,39,24,23,24,46,53,46,41,39,47,27,28,38,31,1,11,60,50,22,57,7,1,54,29,0.074,2.0,5.0,118.3,28,92.6,6,99.31,4,0.4,109.5,14,14.5,11,15,21,6,17,95.0,29,0.143,48,99.31,95.0,0.095,0.286,25.0,14.5,12,96.79,47,41,26,12.5,16,82.76,46,0.25,0.0,48,52,2.0,109.5,6,0.309,21,41,17,13,0.4,14,12.5,46,25.7,5,0.0,0.0,1.0,1.0,0.0,1.0,1.0,1.0,0.0,2.0,1.0,0.0,1.0,0.0,0.0,0.0,0.0,0.0,0.0,0.0,0.0,0.0,0.0,0.0,,0.0,0.5,0.0,1.0,0.0,0.0,,0.0,,1.0,1.0,2.0,,NJN,,1.0,0.0,0.0,0.0,1.0,0.0,1.0,,0.0,0.0,0.0,0.0,2007,20070421,,,,,,,,,,,,,,,,,,,,,,,,,,,,,,,,,,,,,,,,,,,,,,,,,,,,,,,,,,,,,,,,,,,,,,,,,,,,,,,,,,,,,,,,,,,,,,,,,,,,,,,,,,,,,,,,,,,,,,,,,,,,,,,,,,,,,,,,,,,,,,,,,,,,,,,TOR,NJN,1610612761,NJN_TOR_2007
200767,Josh Boone,Josh,1610612751,NJN,22.0,1,1,0,1.0,12.703333333333331,1,1,1.0,0,0,0.0,1,1,1.0,1,1,2,1,1,0,1,0,1,1,3,2,8.9,0,0,8.0,1,1,1,1,65,55,69,1,24,39,24,33,48,1,20,55,47,36,28,38,6,1,11,35,57,32,55,7,1,54,59,0.079,1.0,1.0,111.1,57,106.6,25,94.46,31,1.0,107.7,20,-0.6,67,42,26,25,39,108.3,59,0.067,75,94.46,108.3,0.074,0.071,33.3,-0.6,21,93.71,1,55,38,29.1,9,78.72,44,0.1,0.083,75,1,1.0,107.7,65,0.09,56,15,39,27,1.042,20,33.3,69,4.6,14,0.0,0.0,0.0,1.0,0.0,1.0,0.0,0.0,0.0,0.0,0.0,0.0,1.0,0.0,0.0,0.0,0.0,0.0,0.0,0.0,0.0,0.0,0.0,0.0,,0.0,0.0,0.0,0.0,0.0,0.0,,0.0,,1.0,1.0,0.0,,NJN,,1.0,0.0,0.0,0.0,0.0,0.0,0.0,,0.0,0.0,0.0,0.0,2007,20070421,,,,,,,,,,,,,,,,,,,,,,,,,,,,,,,,,,,,,,,,,,,,,,,,,,,,,,,,,,,,,,,,,,,,,,,,,,,,,,,,,,,,,,,,,,,,,,,,,,,,,,,,,,,,,,,,,,,,,,,,,,,,,,,,,,,,,,,,,,,,,,,,,,,,,,,TOR,NJN,1610612761,NJN_TOR_2007
467,Jason Kidd,Jason,1610612751,NJN,34.0,1,1,0,1.0,38.09166666666667,3,11,0.273,1,8,0.125,1,2,0.5,3,7,10,15,3,2,0,0,3,1,8,1,45.5,1,0,38.0,1,1,1,1,14,33,23,57,14,2,23,33,28,34,7,9,6,1,11,4,31,1,42,35,37,36,5,1,1,9,31,0.168,3.0,11.0,94.8,17,95.4,24,94.51,39,0.318,97.3,41,1.3,40,3,75,24,36,96.0,31,0.189,41,94.51,96.0,0.122,0.163,50.0,1.3,2,96.07,58,33,18,10.0,2,78.76,12,0.652,0.067,39,59,5.0,97.3,41,0.165,29,22,36,17,0.337,41,10.0,23,-0.6,46,,0.0,1.0,0.5,1.0,2.0,0.0,1.0,1.0,7.0,1.0,0.0,1.0,0.0,,0.0,0.0,,0.0,0.0,0.143,0.0,0.0,1.0,,0.0,0.286,0.0,2.0,,0.0,,0.0,,1.0,2.0,7.0,,NJN,,0.5,0.0,,0.0,2.0,0.0,0.0,,0.0,,0.0,0.0,2007,20070421,,,,,,,,,,,,,,,,,,,,,,,,,,,,,,,,,,,,,,,,,,,,,,,,,,,,,,,,,,,,,,,,,,,,,,,,,,,,,,,,,,,,,,,,,,,,,,,,,,,,,,,,,,,,,,,,,,,,,,,,,,,,,,,,,,,,,,,,,,,,,,,,,,,,,,,TOR,NJN,1610612761,NJN_TOR_2007
2215,Jason Collins,Jason,1610612751,NJN,28.0,1,1,0,1.0,34.31166666666667,3,3,1.0,0,0,0.0,0,2,0.0,3,2,5,0,0,0,0,0,3,2,6,-12,12.0,0,0,11.0,1,1,1,1,20,33,56,1,24,39,24,46,28,46,7,39,22,53,48,38,31,1,42,27,40,71,48,7,1,49,42,0.049,3.0,3.0,81.1,60,97.3,45,91.63,55,1.0,83.1,62,-16.9,72,53,65,45,60,100.0,42,0.063,1,91.63,100.0,0.068,0.051,0.0,-16.9,39,94.04,1,33,40,0.0,53,76.36,54,0.0,0.073,1,4,0.0,83.1,73,0.051,36,20,59,25,0.773,62,0.0,56,-16.2,65,,0.0,0.0,1.0,0.0,3.0,0.0,0.0,0.0,0.0,0.0,0.0,3.0,0.0,,0.0,0.0,,0.0,0.0,0.0,0.0,0.0,0.0,,0.0,0.0,0.0,0.0,,0.0,,0.0,,3.0,3.0,0.0,,NJN,,1.0,0.0,,0.0,0.0,0.0,0.0,,0.0,,0.0,0.0,2007,20070421,,,,,,,,,,,,,,,,,,,,,,,,,,,,,,,,,,,,,,,,,,,,,,,,,,,,,,,,,,,,,,,,,,,,,,,,,,,,,,,,,,,,,,,,,,,,,,,,,,,,,,,,,,,,,,,,,,,,,,,,,,,,,,,,,,,,,,,,,,,,,,,,,,,,,,,TOR,NJN,1610612761,NJN_TOR_2007
2210,Richard Jefferson,Richard,1610612751,NJN,27.0,1,1,0,1.0,39.51166666666666,11,21,0.524,2,4,0.5,4,5,0.8,1,4,5,0,2,2,1,2,1,5,28,4,41.0,0,0,41.0,1,1,1,1,12,2,2,19,6,15,8,11,16,21,20,20,22,53,17,4,6,66,11,10,2,22,9,7,1,6,28,0.171,11.0,21.0,98.6,47,94.0,14,95.97,30,0.571,100.0,34,5.1,14,53,79,14,30,94.9,28,0.098,35,95.97,94.9,0.059,0.263,0.0,5.1,39,97.14,21,2,49,7.9,53,79.98,11,0.0,0.023,35,22,0.0,100.0,13,0.274,26,40,30,9,0.603,34,8.0,2,4.6,38,,0.0,1.0,0.636,3.0,11.0,1.0,5.0,1.0,1.0,0.2,0.333,7.0,0.333,,1.0,1.0,,1.0,1.0,1.0,3.0,0.0,0.0,,0.0,0.2,2.0,1.0,,0.5,,1.0,,7.0,11.0,5.0,,NJN,,0.636,1.0,,1.0,1.0,0.0,1.0,,1.0,,1.0,1.0,2007,20070421,,,,,,,,,,,,,,,,,,,,,,,,,,,,,,,,,,,,,,,,,,,,,,,,,,,,,,,,,,,,,,,,,,,,,,,,,,,,,,,,,,,,,,,,,,,,,,,,,,,,,,,,,,,,,,,,,,,,,,,,,,,,,,,,,,,,,,,,,,,,,,,,,,,,,,,TOR,NJN,1610612761,NJN_TOR_2007
200801,Hassan Adams,Hassan,1610612751,NJN,23.0,1,0,1,0.0,0.325,0,0,0.0,0,0,0.0,0,0,0.0,0,0,0,0,0,0,0,0,0,0,0,0,0.0,0,0,0.0,1,34,34,34,64,55,62,55,27,36,27,35,36,35,29,52,56,41,40,28,17,1,1,46,58,29,62,7,1,62,1,0.0,0.0,0.0,0.0,52,0.0,64,73.85,29,0.0,0.0,64,0.0,62,41,0,64,29,0.0,1,0.0,1,73.85,0.0,0.0,0.0,0.0,0.0,28,0.0,55,55,56,0.0,41,61.54,56,0.0,0.0,1,58,0.0,0.0,62,0.0,1,29,29,64,0.0,64,0.0,62,0.0,64,,,,0.0,,0.0,,,,,,,0.0,,,,,,,,,,,,,,,,,,,,,,0.0,0.0,,,NJN,,0.0,,,,,,,,,,,,2007,20070424,,,,,,,,,,,,,,,,,,,,,,,,,,,,,,,,,,,,,,,,,,,,,,,,,,,,,,,,,,,,,,,,,,,,,,,,,,,,,,,,,,,,,,,,,,,,,,,,,,,,,,,,,,,,,,,,,,,,,,,,,,,,,,,,,,,,,,,,,,,,,,,,,,,,,,,TOR,NJN,1610612761,NJN_TOR_2007
200766,Marcus Williams,Marcus,1610612751,NJN,21.0,1,0,1,0.0,5.53,1,2,0.5,0,0,0.0,0,0,0.0,0,1,1,1,0,0,0,0,0,1,2,-7,4.7,0,0,4.0,1,34,34,34,57,45,49,25,27,36,27,35,36,35,29,37,39,30,40,28,17,1,1,31,48,45,56,7,1,56,43,0.171,1.0,2.0,60.0,11,119.5,40,91.14,62,0.5,60.0,60,-58.2,25,2,10,40,60,118.2,43,0.25,1,91.14,118.2,0.125,0.2,33.3,-58.2,28,90.62,33,45,20,0.0,6,75.95,10,0.5,0.0,1,40,0.0,60.0,29,0.2,42,29,60,41,0.5,60,0.0,49,-59.5,60,,,0.0,0.0,0.0,0.0,1.0,1.0,0.0,0.0,0.0,0.0,0.0,0.0,,0.0,0.0,,1.0,1.0,0.0,0.0,,,,0.0,0.0,0.0,0.0,,0.0,,,,0.0,0.0,1.0,,NJN,,0.0,0.0,,0.0,,0.0,1.0,,1.0,,1.0,,2007,20070424,,,,,,,,,,,,,,,,,,,,,,,,,,,,,,,,,,,,,,,,,,,,,,,,,,,,,,,,,,,,,,,,,,,,,,,,,,,,,,,,,,,,,,,,,,,,,,,,,,,,,,,,,,,,,,,,,,,,,,,,,,,,,,,,,,,,,,,,,,,,,,,,,,,,,,,TOR,NJN,1610612761,NJN_TOR_2007
2210,Richard Jefferson,Richard,1610612751,NJN,27.0,1,0,1,0.0,41.79166666666666,4,16,0.25,1,3,0.333,4,4,1.0,0,7,7,3,3,0,0,2,2,4,13,1,22.9,0,0,24.0,1,34,34,34,5,17,8,50,15,16,18,4,6,1,29,7,13,12,6,28,17,59,29,4,16,25,23,7,1,19,23,0.051,4.0,16.0,101.1,24,99.8,55,87.86,28,0.281,101.3,37,2.6,16,25,76,55,27,98.7,23,0.175,42,87.86,98.7,0.085,0.241,12.5,2.6,14,87.45,52,17,33,12.6,34,73.22,45,0.125,0.0,42,49,1.0,101.3,18,0.238,23,29,27,51,0.366,37,12.5,8,1.3,40,,0.0,1.0,0.2,0.0,5.0,3.0,5.0,1.0,3.0,0.2,0.0,1.0,0.0,,0.0,0.0,,0.333,1.0,0.333,0.0,0.0,0.0,0.0,0.0,0.0,4.0,0.0,,0.25,0.0,1.0,,1.0,5.0,3.0,,NJN,,0.2,1.0,,0.0,1.0,0.0,3.0,0.0,0.333,,1.0,1.0,2007,20070424,,,,,,,,,,,,,,,,,,,,,,,,,,,,,,,,,,,,,,,,,,,,,,,,,,,,,,,,,,,,,,,,,,,,,,,,,,,,,,,,,,,,,,,,,,,,,,,,,,,,,,,,,,,,,,,,,,,,,,,,,,,,,,,,,,,,,,,,,,,,,,,,,,,,,,,TOR,NJN,1610612761,NJN_TOR_2007
1630,Mikki Moore,Mikki,1610612751,NJN,31.0,1,0,1,0.0,32.79833333333333,3,4,0.75,0,0,0.0,2,3,0.667,3,3,6,1,1,0,1,0,3,2,8,7,18.7,0,0,17.0,1,34,34,34,14,31,42,8,27,36,27,16,18,25,7,21,15,30,23,28,5,1,50,20,33,18,26,7,1,28,6,0.105,3.0,4.0,94.8,40,86.2,56,87.81,23,0.75,95.1,49,8.6,58,38,61,56,23,86.4,6,0.079,45,87.81,86.4,0.083,0.086,14.3,8.6,14,88.04,9,31,34,13.7,31,73.17,24,0.059,0.088,45,10,1.0,95.1,58,0.09,6,12,23,46,0.752,49,14.3,42,8.6,50,,0.0,2.0,1.0,0.0,1.0,0.0,3.0,0.0,0.0,0.667,0.0,1.0,0.0,,0.0,0.0,,0.0,0.0,0.0,0.0,0.0,0.0,0.0,0.0,0.0,3.0,0.0,,0.667,0.0,0.0,,1.0,1.0,0.0,,NJN,,1.0,2.0,,0.0,0.0,0.0,0.0,0.0,0.0,,0.0,0.0,2007,20070424,,,,,,,,,,,,,,,,,,,,,,,,,,,,,,,,,,,,,,,,,,,,,,,,,,,,,,,,,,,,,,,,,,,,,,,,,,,,,,,,,,,,,,,,,,,,,,,,,,,,,,,,,,,,,,,,,,,,,,,,,,,,,,,,,,,,,,,,,,,,,,,,,,,,,,,TOR,NJN,1610612761,NJN_TOR_2007
1713,Vince Carter,Vince,1610612751,NJN,30.0,1,0,1,0.0,43.141666666666666,8,24,0.333,1,7,0.143,2,4,0.5,2,9,11,5,4,3,0,1,4,4,19,-8,44.7,1,0,42.0,1,34,34,34,4,7,1,45,15,3,26,16,6,27,13,2,3,7,4,4,17,50,58,4,8,48,4,1,1,4,26,0.086,8.0,24.0,95.5,17,105.1,52,88.45,36,0.354,94.9,50,-8.8,2,17,79,52,33,103.8,26,0.214,41,88.45,103.8,0.133,0.333,14.3,-8.8,13,87.63,47,7,17,11.5,31,73.71,33,0.227,0.049,41,48,1.25,94.9,3,0.332,27,22,33,47,0.369,50,11.4,1,-9.5,47,,0.0,2.0,0.75,1.0,4.0,3.0,10.0,1.0,6.0,0.2,0.0,3.0,0.0,,0.0,0.0,,0.667,2.0,0.167,0.0,0.0,1.0,0.0,1.0,0.167,6.0,1.0,,0.333,0.0,0.0,,3.0,4.0,6.0,,NJN,,0.75,2.0,,3.0,3.0,0.333,2.0,0.0,0.5,,1.0,0.0,2007,20070424,,,,,,,,,,,,,,,,,,,,,,,,,,,,,,,,,,,,,,,,,,,,,,,,,,,,,,,,,,,,,,,,,,,,,,,,,,,,,,,,,,,,,,,,,,,,,,,,,,,,,,,,,,,,,,,,,,,,,,,,,,,,,,,,,,,,,,,,,,,,,,,,,,,,,,,TOR,NJN,1610612761,NJN_TOR_2007
467,Jason Kidd,Jason,1610612751,NJN,34.0,1,0,1,0.0,40.295,5,14,0.357,4,6,0.667,0,0,0.0,2,9,11,7,2,2,0,0,4,1,14,8,41.7,1,0,40.0,1,34,34,34,7,14,9,44,2,5,6,35,36,35,13,2,3,3,14,6,17,1,58,31,14,17,7,1,1,6,15,0.163,5.0,14.0,102.4,17,96.3,53,88.15,25,0.5,102.7,35,8.1,30,9,75,53,24,94.5,15,0.214,34,88.15,94.5,0.134,0.186,30.4,8.1,5,87.46,33,14,15,8.7,11,73.46,12,0.304,0.05,34,40,3.5,102.7,33,0.186,21,21,24,50,0.5,35,8.7,9,6.2,38,,0.0,1.0,0.0,0.0,2.0,0.0,6.0,4.0,6.0,0.167,0.0,0.0,0.0,,0.0,0.0,,0.0,0.0,0.667,0.0,0.0,0.0,0.0,0.0,0.571,4.0,4.0,,0.25,0.0,0.0,,0.0,2.0,7.0,,NJN,,0.0,1.0,,0.0,0.0,0.0,0.0,1.0,0.0,,0.0,0.0,2007,20070424,,,,,,,,,,,,,,,,,,,,,,,,,,,,,,,,,,,,,,,,,,,,,,,,,,,,,,,,,,,,,,,,,,,,,,,,,,,,,,,,,,,,,,,,,,,,,,,,,,,,,,,,,,,,,,,,,,,,,,,,,,,,,,,,,,,,,,,,,,,,,,,,,,,,,,,TOR,NJN,1610612761,NJN_TOR_2007
200767,Josh Boone,Josh,1610612751,NJN,22.0,1,0,1,0.0,11.375,1,1,1.0,0,0,0.0,0,0,0.0,0,2,2,0,0,0,1,0,2,0,2,-12,7.4,0,0,6.0,1,34,34,34,50,45,57,1,27,36,27,35,36,35,29,29,37,41,40,28,5,1,29,46,48,53,49,7,1,49,33,0.083,1.0,1.0,60.0,11,124.2,42,90.73,63,1.0,57.1,61,-51.9,61,41,21,42,59,109.1,33,0.25,1,90.73,109.1,0.133,0.048,0.0,-51.9,28,82.96,1,45,16,0.0,41,75.6,34,0.0,0.0,1,3,0.0,57.1,61,0.05,45,29,59,62,1.0,61,0.0,57,-64.2,60,,,0.0,1.0,0.0,1.0,0.0,0.0,0.0,0.0,0.0,0.0,1.0,0.0,,0.0,0.0,,0.0,0.0,0.0,0.0,,,,0.0,0.0,0.0,0.0,,0.0,,,,1.0,1.0,0.0,,NJN,,1.0,0.0,,0.0,,0.0,0.0,,0.0,,0.0,,2007,20070424,,,,,,,,,,,,,,,,,,,,,,,,,,,,,,,,,,,,,,,,,,,,,,,,,,,,,,,,,,,,,,,,,,,,,,,,,,,,,,,,,,,,,,,,,,,,,,,,,,,,,,,,,,,,,,,,,,,,,,,,,,,,,,,,,,,,,,,,,,,,,,,,,,,,,,,TOR,NJN,1610612761,NJN_TOR_2007
2215,Jason Collins,Jason,1610612751,NJN,28.0,1,0,1,0.0,26.405,2,2,1.0,0,0,0.0,2,2,1.0,4,2,6,0,2,0,0,0,5,4,6,2,11.2,0,0,12.0,1,34,34,34,27,38,49,1,27,36,27,16,21,1,4,29,15,41,14,28,17,1,62,4,40,22,40,7,1,41,28,0.037,2.0,2.0,114.2,43,105.0,62,85.44,22,1.0,113.0,22,8.9,56,41,46,62,22,104.2,28,0.074,63,85.44,104.2,0.12,0.094,0.0,8.9,28,84.64,1,38,22,41.0,41,71.2,50,0.0,0.174,63,1,0.0,113.0,56,0.093,26,4,22,60,1.042,22,40.0,49,9.2,23,,0.0,0.0,1.0,0.0,2.0,0.0,0.0,0.0,0.0,0.0,0.0,2.0,0.0,,0.0,0.0,,0.0,0.0,0.0,0.0,0.0,0.0,,0.0,0.0,0.0,0.0,,0.0,,0.0,,2.0,2.0,0.0,,NJN,,1.0,0.0,,0.0,0.0,0.0,0.0,,0.0,,0.0,0.0,2007,20070424,,,,,,,,,,,,,,,,,,,,,,,,,,,,,,,,,,,,,,,,,,,,,,,,,,,,,,,,,,,,,,,,,,,,,,,,,,,,,,,,,,,,,,,,,,,,,,,,,,,,,,,,,,,,,,,,,,,,,,,,,,,,,,,,,,,,,,,,,,,,,,,,,,,,,,,TOR,NJN,1610612761,NJN_TOR_2007
2411,Bostjan Nachbar,Bostjan,1610612751,NJN,26.0,1,0,1,0.0,30.383333333333333,6,11,0.545,4,7,0.571,1,1,1.0,0,1,1,1,3,0,0,0,2,1,17,-7,16.7,0,0,23.0,1,34,34,34,21,11,17,24,2,3,10,28,32,1,29,37,39,30,6,28,17,1,29,31,10,45,29,7,1,22,25,0.105,6.0,11.0,92.4,48,105.5,49,89.26,41,0.727,92.9,52,-10.7,20,29,56,49,35,103.5,25,0.034,50,89.26,103.5,0.017,0.226,6.7,-10.7,26,88.63,12,11,53,19.4,38,74.38,23,0.083,0.0,49,12,0.33,92.9,20,0.232,28,29,35,45,0.743,52,20.0,17,-13.1,52,,0.5,0.0,1.0,5.0,2.0,0.0,2.0,1.0,2.0,0.0,0.6,2.0,1.0,,1.0,3.0,,0.0,0.0,0.5,1.0,2.0,4.0,0.0,0.0,0.429,0.0,3.0,,0.0,0.0,0.5,,2.0,2.0,7.0,,NJN,,1.0,0.0,,0.0,2.0,0.0,0.0,0.0,0.0,,0.0,1.0,2007,20070424,,,,,,,,,,,,,,,,,,,,,,,,,,,,,,,,,,,,,,,,,,,,,,,,,,,,,,,,,,,,,,,,,,,,,,,,,,,,,,,,,,,,,,,,,,,,,,,,,,,,,,,,,,,,,,,,,,,,,,,,,,,,,,,,,,,,,,,,,,,,,,,,,,,,,,,TOR,NJN,1610612761,NJN_TOR_2007
101120,Antoine Wright,Antoine,1610612751,NJN,23.0,1,0,1,0.0,7.955,1,2,0.5,0,0,0.0,0,0,0.0,0,0,0,0,1,0,0,0,0,0,2,-14,1.0,0,0,2.0,1,34,34,34,54,45,49,25,27,36,27,35,36,35,29,52,56,41,23,28,17,1,1,46,48,57,61,7,1,59,46,0.0,1.0,2.0,46.2,52,130.5,43,90.51,64,0.5,42.9,62,-82.1,24,41,14,43,64,125.0,46,0.0,60,90.51,125.0,0.0,0.214,0.0,-82.1,28,85.44,33,45,56,33.3,41,75.42,56,0.0,0.0,60,40,0.0,42.9,21,0.231,52,29,64,59,0.5,62,33.3,49,-84.4,62,,,0.0,1.0,0.0,1.0,0.0,1.0,0.0,0.0,0.0,0.0,1.0,0.0,,0.0,0.0,,0.0,0.0,0.0,0.0,,,,0.0,0.0,0.0,0.0,,0.0,,,,1.0,1.0,0.0,,NJN,,1.0,0.0,,1.0,,0.0,0.0,,0.0,,0.0,,2007,20070424,,,,,,,,,,,,,,,,,,,,,,,,,,,,,,,,,,,,,,,,,,,,,,,,,,,,,,,,,,,,,,,,,,,,,,,,,,,,,,,,,,,,,,,,,,,,,,,,,,,,,,,,,,,,,,,,,,,,,,,,,,,,,,,,,,,,,,,,,,,,,,,,,,,,,,,TOR,NJN,1610612761,NJN_TOR_2007
2210,Richard Jefferson,Richard,1610612751,NJN,27.0,1,1,0,1.0,39.10833333333333,5,11,0.455,0,4,0.0,8,8,1.0,1,5,6,3,1,0,0,0,1,6,18,7,28.7,0,0,27.0,1,1,1,1,9,15,14,27,21,7,21,2,6,1,15,13,16,11,23,29,23,1,11,6,12,11,16,7,2,16,25,0.145,5.0,11.0,107.9,22,93.3,52,90.82,17,0.455,108.1,20,9.5,32,20,74,52,23,98.6,25,0.135,24,90.82,98.6,0.086,0.183,16.7,9.5,3,93.52,33,15,26,5.4,17,75.69,16,0.111,0.03,24,15,3.0,108.1,29,0.189,21,29,23,45,0.62,20,5.6,14,14.6,20,0.0,0.0,0.0,0.714,1.0,7.0,0.0,0.0,0.0,3.0,0.0,0.0,5.0,0.0,0.0,0.0,0.0,0.0,0.0,0.0,0.0,0.0,0.0,1.0,,0.0,0.0,0.0,0.0,0.0,0.0,,0.0,,5.0,7.0,4.0,,NJN,,0.714,0.0,0.0,0.0,0.0,0.0,0.0,,0.0,0.0,0.0,0.0,2007,20070427,,,,,,,,,,,,,,,,,,,,,,,,,,,,,,,,,,,,,,,,,,,,,,,,,,,,,,,,,,,,,,,,,,,,,,,,,,,,,,,,,,,,,,,,,,,,,,,,,,,,,,,,,,,,,,,,,,,,,,,,,,,,,,,,,,,,,,,,,,,,,,,,,,,,,,,TOR,NJN,1610612761,NJN_TOR_2007
1630,Mikki Moore,Mikki,1610612751,NJN,31.0,1,1,0,1.0,25.566666666666663,3,6,0.5,0,0,0.0,1,1,1.0,0,1,1,1,1,1,0,1,3,1,7,12,11.7,0,0,11.0,1,1,1,1,28,26,29,14,21,36,21,29,34,1,32,35,38,26,23,16,23,43,32,36,29,8,36,7,2,36,24,0.033,3.0,6.0,124.2,44,101.7,59,89.18,12,0.5,125.5,2,27.6,42,36,47,59,8,97.9,24,0.045,34,89.18,97.9,0.026,0.137,12.5,27.6,12,87.98,22,26,46,11.8,23,74.32,44,0.048,0.0,35,25,1.0,125.5,41,0.144,30,32,8,61,0.543,2,12.5,29,22.4,3,,0.0,0.0,0.667,0.0,3.0,1.0,2.0,0.0,0.0,0.0,0.0,2.0,0.0,,0.0,0.0,,1.0,1.0,0.0,0.0,0.0,0.0,,0.0,0.0,1.0,0.0,,0.0,,0.0,,3.0,4.0,0.0,,NJN,,0.75,0.0,,0.0,0.0,0.0,1.0,,0.0,,0.0,0.0,2007,20070427,,,,,,,,,,,,,,,,,,,,,,,,,,,,,,,,,,,,,,,,,,,,,,,,,,,,,,,,,,,,,,,,,,,,,,,,,,,,,,,,,,,,,,,,,,,,,,,,,,,,,,,,,,,,,,,,,,,,,,,,,,,,,,,,,,,,,,,,,,,,,,,,,,,,,,,TOR,NJN,1610612761,NJN_TOR_2007
200766,Marcus Williams,Marcus,1610612751,NJN,21.0,1,1,0,1.0,8.19,2,5,0.4,0,2,0.0,0,0,0.0,0,1,1,2,1,0,0,0,0,1,4,-1,7.2,0,0,7.0,1,1,1,1,54,33,32,35,21,20,21,35,37,35,32,35,38,15,23,29,23,1,1,36,42,35,45,7,2,46,26,0.091,2.0,5.0,106.3,10,105.9,8,102.56,29,0.4,100.0,32,0.0,5,5,17,8,33,100.0,26,0.2,36,102.56,100.0,0.091,0.333,25.0,0.0,5,96.7,40,33,25,12.5,8,85.47,33,0.4,0.0,35,46,2.0,100.0,5,0.353,41,32,33,33,0.4,32,12.5,32,0.4,22,0.0,0.0,1.0,1.0,0.0,1.0,0.0,2.0,0.0,2.0,0.5,0.0,1.0,0.0,0.0,0.0,0.0,0.0,0.0,0.0,0.0,0.0,0.0,0.0,,0.0,0.0,1.0,0.0,0.0,0.0,,0.0,,1.0,1.0,2.0,,NJN,,1.0,0.0,0.0,0.0,0.0,0.0,1.0,,1.0,0.0,1.0,0.0,2007,20070427,,,,,,,,,,,,,,,,,,,,,,,,,,,,,,,,,,,,,,,,,,,,,,,,,,,,,,,,,,,,,,,,,,,,,,,,,,,,,,,,,,,,,,,,,,,,,,,,,,,,,,,,,,,,,,,,,,,,,,,,,,,,,,,,,,,,,,,,,,,,,,,,,,,,,,,TOR,NJN,1610612761,NJN_TOR_2007
200767,Josh Boone,Josh,1610612751,NJN,22.0,1,1,0,1.0,11.3,2,3,0.667,0,0,0.0,0,0,0.0,2,2,4,0,1,0,0,1,0,1,4,2,7.8,0,0,8.0,1,1,1,1,49,33,42,7,21,36,21,35,37,35,8,25,21,37,23,29,23,43,1,36,42,28,43,7,2,41,19,0.119,2.0,3.0,115.0,10,92.3,58,89.2,10,0.667,115.0,11,19.5,35,37,20,58,14,95.5,19,0.2,50,89.2,95.5,0.2,0.167,0.0,19.5,28,90.82,10,33,6,25.0,37,74.34,25,0.0,0.2,50,10,0.0,115.0,36,0.167,17,2,14,58,0.667,11,25.0,42,22.7,8,0.0,0.0,0.0,0.667,0.0,3.0,0.0,0.0,0.0,0.0,0.0,0.0,2.0,0.0,0.0,0.0,0.0,0.0,0.0,0.0,0.0,0.0,0.0,0.0,,,0.0,0.0,0.0,0.0,0.0,,0.0,,2.0,3.0,0.0,,NJN,,0.667,0.0,0.0,,0.0,,0.0,,0.0,0.0,0.0,0.0,2007,20070427,,,,,,,,,,,,,,,,,,,,,,,,,,,,,,,,,,,,,,,,,,,,,,,,,,,,,,,,,,,,,,,,,,,,,,,,,,,,,,,,,,,,,,,,,,,,,,,,,,,,,,,,,,,,,,,,,,,,,,,,,,,,,,,,,,,,,,,,,,,,,,,,,,,,,,,TOR,NJN,1610612761,NJN_TOR_2007
467,Jason Kidd,Jason,1610612751,NJN,34.0,1,1,0,1.0,39.81,7,14,0.5,2,8,0.25,0,0,0.0,4,12,16,19,5,3,1,0,2,0,16,14,70.7,1,1,61.0,1,1,1,1,7,9,11,14,2,2,14,35,37,35,5,1,1,1,3,1,5,1,22,46,13,7,1,1,1,1,20,0.296,7.0,14.0,112.4,2,90.7,57,89.83,13,0.571,113.3,13,17.4,16,2,75,57,15,95.9,20,0.316,37,89.83,95.9,0.229,0.229,50.0,17.4,2,92.74,14,9,3,13.2,2,74.86,3,0.704,0.125,37,20,3.8,113.3,17,0.227,15,8,15,49,0.571,13,13.2,11,21.7,12,0.0,0.0,0.0,0.833,1.0,6.0,0.0,0.0,2.0,7.0,0.0,0.0,5.0,0.0,0.0,0.0,0.0,0.0,0.0,0.0,0.286,0.0,0.0,1.0,,0.0,0.167,0.0,1.0,0.0,0.0,,0.5,,5.0,6.0,6.0,,NJN,,0.833,0.0,0.0,0.0,2.0,0.0,0.0,,0.0,0.0,0.0,1.0,2007,20070427,,,,,,,,,,,,,,,,,,,,,,,,,,,,,,,,,,,,,,,,,,,,,,,,,,,,,,,,,,,,,,,,,,,,,,,,,,,,,,,,,,,,,,,,,,,,,,,,,,,,,,,,,,,,,,,,,,,,,,,,,,,,,,,,,,,,,,,,,,,,,,,,,,,,,,,TOR,NJN,1610612761,NJN_TOR_2007
361,Clifford Robinson,Clifford,1610612751,NJN,40.0,1,1,0,1.0,9.838333333333331,1,3,0.333,1,2,0.5,0,0,0.0,0,0,0,0,1,1,0,0,0,0,3,4,5.0,0,0,6.0,1,1,1,1,51,39,42,40,11,20,4,35,37,35,32,48,51,37,23,16,23,1,1,46,45,20,49,7,2,47,18,0.024,1.0,3.0,120.0,48,95.8,13,100.02,9,0.5,120.0,7,24.8,27,37,20,13,9,95.2,18,0.0,50,100.02,95.2,0.0,0.19,0.0,24.8,28,99.72,22,39,51,25.0,37,83.35,46,0.0,0.0,50,33,0.0,120.0,27,0.19,23,32,9,20,0.5,7,25.0,42,24.2,4,0.0,0.0,0.0,0.0,1.0,0.0,,1.0,0.0,1.0,0.0,1.0,0.0,1.0,0.0,1.0,1.0,0.0,,,0.0,1.0,0.0,0.0,,,0.5,1.0,1.0,0.0,0.0,,0.0,,0.0,0.0,2.0,,NJN,,0.0,0.0,0.0,,0.0,,0.0,,0.0,0.0,0.0,0.0,2007,20070427,,,,,,,,,,,,,,,,,,,,,,,,,,,,,,,,,,,,,,,,,,,,,,,,,,,,,,,,,,,,,,,,,,,,,,,,,,,,,,,,,,,,,,,,,,,,,,,,,,,,,,,,,,,,,,,,,,,,,,,,,,,,,,,,,,,,,,,,,,,,,,,,,,,,,,,TOR,NJN,1610612761,NJN_TOR_2007
2411,Bostjan Nachbar,Bostjan,1610612751,NJN,26.0,1,1,0,1.0,27.166666666666668,4,11,0.364,1,5,0.2,0,0,0.0,2,1,3,1,2,2,0,0,4,3,9,4,18.1,0,0,18.0,1,1,1,1,26,17,14,37,11,4,20,35,37,35,8,35,26,26,14,7,23,1,44,19,26,20,29,7,2,26,14,0.012,4.0,11.0,102.9,45,92.0,48,92.76,23,0.409,101.9,30,9.5,17,34,52,48,22,92.5,14,0.043,38,92.76,92.5,0.064,0.224,7.1,9.5,20,92.58,39,17,33,14.3,32,77.3,47,0.059,0.083,38,45,0.5,101.9,18,0.226,16,15,22,51,0.409,30,14.3,14,10.9,26,0.0,0.0,1.0,0.5,2.0,4.0,0.0,2.0,1.0,3.0,0.5,0.0,2.0,0.0,0.0,0.0,0.0,0.0,0.0,0.0,0.333,0.0,0.0,2.0,,0.0,0.167,1.0,1.0,0.0,1.0,,0.0,,2.0,4.0,6.0,,NJN,,0.5,1.0,0.0,0.0,0.0,0.0,0.0,,0.0,0.0,0.0,0.0,2007,20070427,,,,,,,,,,,,,,,,,,,,,,,,,,,,,,,,,,,,,,,,,,,,,,,,,,,,,,,,,,,,,,,,,,,,,,,,,,,,,,,,,,,,,,,,,,,,,,,,,,,,,,,,,,,,,,,,,,,,,,,,,,,,,,,,,,,,,,,,,,,,,,,,,,,,,,,TOR,NJN,1610612761,NJN_TOR_2007
101120,Antoine Wright,Antoine,1610612751,NJN,23.0,1,1,0,1.0,8.991666666666667,1,1,1.0,0,0,0.0,0,0,0.0,0,0,0,0,1,0,0,0,1,0,2,5,1.0,0,0,2.0,1,1,1,1,52,39,52,1,21,36,21,35,37,35,32,48,51,37,23,29,23,1,11,46,47,16,55,7,2,53,4,0.0,1.0,1.0,97.7,48,70.4,3,109.43,6,1.0,95.0,44,28.3,53,37,20,3,7,66.7,4,0.0,58,109.43,66.7,0.0,0.095,0.0,28.3,28,104.95,1,39,51,50.0,37,91.2,49,0.0,0.0,58,1,0.0,95.0,53,0.098,6,32,7,7,1.0,44,50.0,52,27.3,35,0.0,0.0,1.0,0.0,0.0,0.0,0.0,1.0,0.0,0.0,1.0,0.0,0.0,,0.0,,0.0,0.0,0.0,0.0,0.0,,0.0,0.0,,0.0,1.0,0.0,1.0,0.0,0.0,,0.0,,0.0,0.0,1.0,,NJN,,0.0,0.0,0.0,0.0,0.0,0.0,,,,0.0,,0.0,2007,20070427,,,,,,,,,,,,,,,,,,,,,,,,,,,,,,,,,,,,,,,,,,,,,,,,,,,,,,,,,,,,,,,,,,,,,,,,,,,,,,,,,,,,,,,,,,,,,,,,,,,,,,,,,,,,,,,,,,,,,,,,,,,,,,,,,,,,,,,,,,,,,,,,,,,,,,,TOR,NJN,1610612761,NJN_TOR_2007
2215,Jason Collins,Jason,1610612751,NJN,28.0,1,1,0,1.0,27.566666666666663,1,1,1.0,0,0,0.0,0,0,0.0,0,2,2,0,0,1,1,0,5,1,2,1,10.4,0,0,8.0,1,1,1,1,24,39,52,1,21,36,21,35,37,35,32,25,33,37,41,16,5,1,54,36,47,31,41,7,2,41,41,0.005,1.0,1.0,111.4,37,101.2,60,88.8,24,1.0,111.8,15,2.0,59,37,51,60,32,109.8,41,0.074,1,88.8,109.8,0.038,0.018,0.0,2.0,28,92.74,1,39,39,0.0,37,74.0,48,0.0,0.0,1,1,0.0,111.8,59,0.017,27,32,32,50,1.0,15,0.0,52,10.3,13,,0.0,0.0,1.0,0.0,1.0,0.0,0.0,0.0,0.0,0.0,0.0,1.0,0.0,,0.0,0.0,,0.0,0.0,0.0,0.0,0.0,0.0,,0.0,0.0,0.0,0.0,,0.0,,0.0,,1.0,1.0,0.0,,NJN,,1.0,0.0,,0.0,0.0,0.0,0.0,,0.0,,0.0,0.0,2007,20070427,,,,,,,,,,,,,,,,,,,,,,,,,,,,,,,,,,,,,,,,,,,,,,,,,,,,,,,,,,,,,,,,,,,,,,,,,,,,,,,,,,,,,,,,,,,,,,,,,,,,,,,,,,,,,,,,,,,,,,,,,,,,,,,,,,,,,,,,,,,,,,,,,,,,,,,TOR,NJN,1610612761,NJN_TOR_2007
1713,Vince Carter,Vince,1610612751,NJN,30.0,1,1,0,1.0,42.461666666666666,15,23,0.652,2,4,0.5,5,6,0.833,0,2,2,5,3,0,1,1,3,8,37,17,46.9,0,0,48.0,1,1,1,1,3,1,2,9,2,7,4,8,12,14,32,25,33,5,10,29,5,43,32,1,1,4,4,7,2,2,15,0.201,15.0,23.0,112.6,43,90.1,50,91.56,11,0.696,114.8,12,21.0,7,10,81,50,12,93.8,15,0.053,31,91.56,93.8,0.028,0.31,15.6,21.0,8,94.37,9,1,45,8.9,18,76.3,8,0.227,0.0,31,9,1.67,114.8,7,0.323,13,32,12,42,0.722,12,9.4,2,22.5,11,0.0,0.0,4.0,1.0,1.0,7.0,4.0,8.0,2.0,3.0,0.5,0.0,7.0,0.0,0.0,0.0,0.0,0.0,0.5,2.0,0.667,0.0,0.0,1.0,,1.0,0.6,4.0,3.0,0.0,0.25,,0.5,,7.0,7.0,5.0,,NJN,,1.0,1.0,0.0,1.0,2.0,1.0,4.0,,0.5,0.0,2.0,1.0,2007,20070427,,,,,,,,,,,,,,,,,,,,,,,,,,,,,,,,,,,,,,,,,,,,,,,,,,,,,,,,,,,,,,,,,,,,,,,,,,,,,,,,,,,,,,,,,,,,,,,,,,,,,,,,,,,,,,,,,,,,,,,,,,,,,,,,,,,,,,,,,,,,,,,,,,,,,,,TOR,NJN,1610612761,NJN_TOR_2007
467,Jason Kidd,Jason,1610612751,NJN,34.0,1,1,0,1.0,28.745,6,10,0.6,5,6,0.833,0,0,0.0,2,6,8,13,2,2,1,2,0,0,17,25,53.1,1,0,49.0,1,1,1,1,29,15,25,12,1,7,2,43,46,43,10,12,12,2,17,8,7,75,1,57,17,4,6,1,1,5,12,0.325,6.0,10.0,120.8,12,82.1,29,97.69,10,0.85,122.0,8,41.0,34,5,59,29,7,81.0,12,0.231,38,97.69,81.0,0.154,0.185,52.0,41.0,2,97.59,6,15,9,8.0,2,81.41,3,0.65,0.077,38,6,6.5,122.0,36,0.186,12,17,7,25,0.85,8,8.0,25,38.8,9,0.0,0.0,1.0,0.0,1.0,2.0,,2.0,4.0,5.0,0.5,1.0,0.0,1.0,0.0,1.0,1.0,0.0,,,0.8,1.0,0.0,0.0,,0.0,1.0,2.0,3.0,0.0,0.5,,0.667,,0.0,2.0,3.0,,NJN,,0.0,1.0,0.0,0.0,3.0,0.0,,,,0.0,,2.0,2007,20070429,,,,,,,,,,,,,,,,,,,,,,,,,,,,,,,,,,,,,,,,,,,,,,,,,,,,,,,,,,,,,,,,,,,,,,,,,,,,,,,,,,,,,,,,,,,,,,,,,,,,,,,,,,,,,,,,,,,,,,,,,,,,,,,,,,,,,,,,,,,,,,,,,,,,,,,TOR,NJN,1610612761,NJN_TOR_2007
200767,Josh Boone,Josh,1610612751,NJN,22.0,1,1,0,1.0,16.905,0,3,0.0,0,0,0.0,3,4,0.75,1,2,3,0,0,0,0,1,2,3,3,-11,6.6,0,0,6.0,1,1,1,1,55,65,56,65,34,51,34,18,18,23,21,38,33,54,56,34,31,52,21,26,57,69,59,12,1,61,63,-0.011,0.0,3.0,83.7,31,117.5,68,90.86,69,0.0,83.9,63,-28.3,50,54,31,68,68,112.1,63,0.154,1,90.86,112.1,0.097,0.143,0.0,-28.3,41,88.82,65,65,24,0.0,54,75.72,69,0.0,0.056,1,64,0.0,83.9,55,0.14,68,23,68,68,0.315,63,0.0,56,-33.9,64,,,0.0,0.0,0.0,3.0,0.0,0.0,0.0,0.0,0.0,0.0,0.0,0.0,,0.0,0.0,,0.0,0.0,0.0,0.0,,,,0.0,0.0,0.0,0.0,,0.0,,0.0,,0.0,3.0,0.0,,NJN,,0.0,0.0,,0.0,0.0,0.0,0.0,,0.0,,0.0,0.0,2007,20070429,,,,,,,,,,,,,,,,,,,,,,,,,,,,,,,,,,,,,,,,,,,,,,,,,,,,,,,,,,,,,,,,,,,,,,,,,,,,,,,,,,,,,,,,,,,,,,,,,,,,,,,,,,,,,,,,,,,,,,,,,,,,,,,,,,,,,,,,,,,,,,,,,,,,,,,TOR,NJN,1610612761,NJN_TOR_2007
1630,Mikki Moore,Mikki,1610612751,NJN,31.0,1,1,0,1.0,32.1,3,7,0.429,0,0,0.0,0,0,0.0,1,6,7,1,2,0,1,0,5,1,6,26,16.9,0,0,16.0,1,1,1,1,20,35,37,36,34,51,34,43,46,43,21,12,14,36,17,34,7,1,73,41,42,3,36,12,1,39,4,0.034,3.0,7.0,111.2,15,71.2,26,97.94,8,0.429,110.8,23,41.1,59,52,65,26,6,69.7,4,0.2,60,97.94,69.7,0.119,0.123,10.0,41.1,34,96.69,46,35,18,20.0,41,81.62,51,0.042,0.034,60,54,0.5,110.8,61,0.125,4,37,6,30,0.429,23,20.0,37,40.0,21,0.0,0.0,0.0,0.75,0.0,4.0,0.0,3.0,0.0,0.0,0.0,0.0,3.0,0.0,0.0,0.0,0.0,0.0,0.0,0.0,0.0,0.0,0.0,0.0,,0.0,0.0,2.0,0.0,0.0,0.0,,0.0,,3.0,4.0,0.0,,NJN,,0.75,0.0,0.0,1.0,0.0,0.0,0.0,,0.0,0.0,0.0,0.0,2007,20070429,,,,,,,,,,,,,,,,,,,,,,,,,,,,,,,,,,,,,,,,,,,,,,,,,,,,,,,,,,,,,,,,,,,,,,,,,,,,,,,,,,,,,,,,,,,,,,,,,,,,,,,,,,,,,,,,,,,,,,,,,,,,,,,,,,,,,,,,,,,,,,,,,,,,,,,TOR,NJN,1610612761,NJN_TOR_2007
2210,Richard Jefferson,Richard,1610612751,NJN,27.0,1,1,0,1.0,30.916666666666668,8,15,0.533,1,5,0.2,6,6,1.0,0,3,3,2,1,1,0,1,1,5,23,22,31.6,0,0,31.0,1,1,1,1,24,9,11,17,21,12,30,7,13,1,46,26,33,24,33,20,31,52,12,10,8,5,17,12,1,17,16,0.176,8.0,15.0,119.6,42,86.7,37,96.26,12,0.567,121.0,9,35.5,12,35,62,37,10,85.5,16,0.107,28,96.26,85.5,0.056,0.284,9.5,35.5,9,96.17,20,9,49,4.8,45,80.22,13,0.105,0.0,27,20,2.0,121.0,13,0.284,16,46,10,33,0.652,9,4.8,11,32.9,10,0.0,0.0,5.0,0.5,1.0,4.0,0.0,6.0,1.0,4.0,0.833,0.0,2.0,0.0,0.0,0.0,0.0,0.0,0.0,0.0,0.25,1.0,0.0,0.0,,0.0,0.2,6.0,1.0,0.0,0.833,,0.0,,2.0,4.0,5.0,,NJN,,0.5,5.0,0.0,0.0,0.0,0.0,0.0,,0.0,0.0,0.0,0.0,2007,20070429,,,,,,,,,,,,,,,,,,,,,,,,,,,,,,,,,,,,,,,,,,,,,,,,,,,,,,,,,,,,,,,,,,,,,,,,,,,,,,,,,,,,,,,,,,,,,,,,,,,,,,,,,,,,,,,,,,,,,,,,,,,,,,,,,,,,,,,,,,,,,,,,,,,,,,,TOR,NJN,1610612761,NJN_TOR_2007
1713,Vince Carter,Vince,1610612751,NJN,30.0,1,1,0,1.0,29.83,9,15,0.6,5,8,0.625,4,9,0.444,0,7,7,7,2,0,1,0,3,8,27,38,46.9,0,0,48.0,1,1,1,1,26,6,11,12,1,2,8,12,5,38,46,10,14,5,17,34,7,1,47,2,3,1,9,12,1,6,6,0.229,9.0,15.0,134.6,10,74.8,34,96.55,4,0.767,136.7,3,63.3,5,8,60,34,4,73.3,6,0.241,35,96.55,73.3,0.132,0.323,25.0,63.3,5,96.35,8,6,13,7.2,11,80.46,5,0.35,0.0,34,12,3.5,136.7,5,0.323,7,46,4,31,0.712,3,7.1,11,59.8,5,,0.667,2.0,0.6,4.0,5.0,0.0,3.0,1.0,3.0,0.667,0.75,3.0,1.0,,1.0,3.0,,0.0,0.0,0.333,1.0,2.0,3.0,,0.0,0.667,2.0,4.0,,0.5,,0.5,,3.0,5.0,6.0,,NJN,,0.6,1.0,,0.0,2.0,0.0,0.0,,0.0,,0.0,1.0,2007,20070429,,,,,,,,,,,,,,,,,,,,,,,,,,,,,,,,,,,,,,,,,,,,,,,,,,,,,,,,,,,,,,,,,,,,,,,,,,,,,,,,,,,,,,,,,,,,,,,,,,,,,,,,,,,,,,,,,,,,,,,,,,,,,,,,,,,,,,,,,,,,,,,,,,,,,,,TOR,NJN,1610612761,NJN_TOR_2007
200766,Marcus Williams,Marcus,1610612751,NJN,21.0,1,1,0,1.0,19.255,2,8,0.25,0,3,0.0,1,1,1.0,1,0,1,2,6,1,0,0,1,3,5,-4,6.2,0,0,10.0,1,1,1,1,50,41,31,59,34,25,34,36,42,1,21,66,57,24,3,20,31,1,12,26,48,52,60,12,1,52,24,-0.107,2.0,8.0,83.1,66,91.8,54,92.24,47,0.25,81.1,70,-10.8,3,11,37,54,53,91.9,24,0.0,76,92.24,91.9,0.027,0.341,12.5,-10.8,38,91.14,61,41,66,36.5,36,76.86,76,0.25,0.053,76,65,0.33,81.1,2,0.369,26,26,53,56,0.296,70,37.5,31,-8.6,67,,0.0,0.0,1.0,0.0,2.0,2.0,1.0,0.0,3.0,0.0,0.0,2.0,0.0,,0.0,0.0,,0.0,0.0,0.0,0.0,0.0,0.0,,0.0,0.0,1.0,0.0,,0.0,,0.0,,2.0,2.0,1.0,,NJN,,1.0,0.0,,0.0,2.0,0.0,2.0,,0.0,,0.0,0.0,2007,20070429,,,,,,,,,,,,,,,,,,,,,,,,,,,,,,,,,,,,,,,,,,,,,,,,,,,,,,,,,,,,,,,,,,,,,,,,,,,,,,,,,,,,,,,,,,,,,,,,,,,,,,,,,,,,,,,,,,,,,,,,,,,,,,,,,,,,,,,,,,,,,,,,,,,,,,,TOR,NJN,1610612761,NJN_TOR_2007
2215,Jason Collins,Jason,1610612751,NJN,28.0,1,1,0,1.0,23.831666666666667,1,2,0.5,0,0,0.0,0,0,0.0,2,0,2,0,2,3,0,0,1,2,2,28,11.4,0,0,10.0,1,1,1,1,39,52,63,18,34,51,34,43,46,43,10,66,45,54,17,4,31,1,12,35,59,2,48,12,1,52,5,0.024,1.0,2.0,129.6,66,72.9,39,95.67,5,0.5,129.2,4,56.8,70,54,48,39,5,72.3,5,0.0,78,95.67,72.3,0.051,0.077,0.0,56.8,41,95.15,27,52,52,50.0,54,79.73,55,0.0,0.118,78,37,0.0,129.2,71,0.077,5,5,5,37,0.5,4,50.0,63,56.7,6,0.0,0.0,1.0,0.0,0.0,0.0,,2.0,0.0,0.0,0.5,0.0,0.0,0.0,0.0,0.0,0.0,0.0,,,0.0,0.0,0.0,0.0,,0.0,0.0,2.0,0.0,0.0,0.5,,0.0,,0.0,0.0,0.0,,NJN,,0.0,1.0,0.0,0.0,0.0,0.0,,,,0.0,,0.0,2007,20070429,,,,,,,,,,,,,,,,,,,,,,,,,,,,,,,,,,,,,,,,,,,,,,,,,,,,,,,,,,,,,,,,,,,,,,,,,,,,,,,,,,,,,,,,,,,,,,,,,,,,,,,,,,,,,,,,,,,,,,,,,,,,,,,,,,,,,,,,,,,,,,,,,,,,,,,TOR,NJN,1610612761,NJN_TOR_2007
200801,Hassan Adams,Hassan,1610612751,NJN,23.0,1,1,0,1.0,5.783333333333333,1,1,1.0,0,0,0.0,0,0,0.0,0,1,1,0,0,0,0,0,2,0,2,-8,3.2,0,0,3.0,1,1,1,1,72,52,69,1,34,51,34,43,46,43,46,50,57,54,56,34,31,1,21,57,59,62,71,12,1,70,69,0.091,1.0,1.0,46.0,15,118.6,42,95.45,76,1.0,41.7,78,-76.5,68,54,12,42,77,118.2,69,0.2,1,95.45,118.2,0.091,0.083,0.0,-76.5,41,90.63,2,52,30,0.0,54,79.54,37,0.0,0.0,1,3,0.0,41.7,69,0.092,69,46,77,59,1.0,78,0.0,69,-72.7,78,,,0.0,1.0,,1.0,0.0,0.0,0.0,0.0,0.0,,1.0,,,,,,0.0,0.0,0.0,,,,,,0.0,0.0,0.0,,0.0,,0.0,,1.0,1.0,0.0,,NJN,,1.0,0.0,,,0.0,,0.0,,0.0,,0.0,0.0,2007,20070429,,,,,,,,,,,,,,,,,,,,,,,,,,,,,,,,,,,,,,,,,,,,,,,,,,,,,,,,,,,,,,,,,,,,,,,,,,,,,,,,,,,,,,,,,,,,,,,,,,,,,,,,,,,,,,,,,,,,,,,,,,,,,,,,,,,,,,,,,,,,,,,,,,,,,,,TOR,NJN,1610612761,NJN_TOR_2007
2411,Bostjan Nachbar,Bostjan,1610612751,NJN,26.0,1,1,0,1.0,20.25,4,8,0.5,3,4,0.75,0,0,0.0,0,3,3,1,1,0,0,0,5,1,11,1,15.1,0,0,18.0,1,1,1,1,44,24,31,18,3,19,3,43,46,43,46,26,33,36,33,34,31,1,73,41,27,29,40,12,1,35,21,0.096,4.0,8.0,93.0,29,90.6,32,97.19,33,0.688,92.7,52,2.4,33,32,41,32,32,90.2,21,0.167,44,97.19,90.2,0.075,0.188,10.0,2.4,20,96.81,12,24,39,10.0,41,80.99,36,0.125,0.0,43,14,1.0,92.7,33,0.192,21,46,32,29,0.688,52,10.0,31,2.4,49,,1.0,0.0,0.333,2.0,3.0,1.0,0.0,1.0,2.0,0.0,1.0,1.0,1.0,,1.0,2.0,,0.0,0.0,0.5,1.0,1.0,1.0,,0.0,0.75,0.0,3.0,,0.0,,0.0,,1.0,3.0,4.0,,NJN,,0.333,0.0,,0.0,0.0,0.0,1.0,,0.0,,0.0,0.0,2007,20070429,,,,,,,,,,,,,,,,,,,,,,,,,,,,,,,,,,,,,,,,,,,,,,,,,,,,,,,,,,,,,,,,,,,,,,,,,,,,,,,,,,,,,,,,,,,,,,,,,,,,,,,,,,,,,,,,,,,,,,,,,,,,,,,,,,,,,,,,,,,,,,,,,,,,,,,TOR,NJN,1610612761,NJN_TOR_2007
2774,Bernard Robinson,Bernard,1610612751,NJN,26.0,1,1,0,1.0,5.783333333333333,0,1,0.0,0,0,0.0,0,0,0.0,0,1,1,2,1,1,0,0,2,0,0,-8,6.2,0,0,5.0,1,1,1,1,72,65,69,65,34,51,34,43,46,43,46,50,57,24,33,20,31,1,21,57,70,62,60,12,1,63,69,0.0,0.0,1.0,46.0,15,118.6,42,95.45,76,0.0,41.7,78,-76.5,37,1,12,42,77,118.2,69,0.2,68,95.45,118.2,0.091,0.167,50.0,-76.5,9,90.63,65,65,30,25.0,3,79.54,61,1.0,0.0,65,70,2.0,41.7,37,0.184,69,46,77,59,0.0,78,25.0,69,-72.7,78,,,0.0,0.0,,0.0,0.0,1.0,0.0,0.0,0.0,,0.0,,,,,,0.0,0.0,0.0,,,,,,0.0,1.0,0.0,,0.0,,0.0,,0.0,0.0,0.0,,NJN,,0.0,0.0,,,0.0,,0.0,,0.0,,0.0,0.0,2007,20070429,,,,,,,,,,,,,,,,,,,,,,,,,,,,,,,,,,,,,,,,,,,,,,,,,,,,,,,,,,,,,,,,,,,,,,,,,,,,,,,,,,,,,,,,,,,,,,,,,,,,,,,,,,,,,,,,,,,,,,,,,,,,,,,,,,,,,,,,,,,,,,,,,,,,,,,TOR,NJN,1610612761,NJN_TOR_2007
101120,Antoine Wright,Antoine,1610612751,NJN,23.0,1,1,0,1.0,26.6,2,6,0.333,0,1,0.0,2,2,1.0,1,5,6,1,0,1,1,0,3,1,6,-4,20.7,0,0,17.0,1,1,1,1,35,41,38,51,34,40,34,23,33,1,21,17,19,36,56,20,7,1,47,41,42,52,32,12,1,36,22,0.11,2.0,6.0,81.4,22,90.7,41,95.64,49,0.333,79.6,71,-10.8,62,43,54,41,51,90.4,22,0.192,1,95.64,90.4,0.103,0.115,12.5,-10.8,41,94.41,56,41,21,0.0,36,79.7,26,0.083,0.031,1,50,0.0,79.6,63,0.119,22,39,51,42,0.436,71,0.0,38,-9.4,69,0.0,0.0,0.0,0.5,0.0,2.0,1.0,2.0,0.0,1.0,0.0,0.0,1.0,0.0,0.0,0.0,0.0,0.0,1.0,1.0,0.0,0.0,0.0,0.0,,0.0,0.0,2.0,0.0,0.0,0.0,,0.0,,1.0,2.0,1.0,,NJN,,0.5,0.0,0.0,0.0,0.0,0.0,1.0,,1.0,0.0,1.0,0.0,2007,20070429,,,,,,,,,,,,,,,,,,,,,,,,,,,,,,,,,,,,,,,,,,,,,,,,,,,,,,,,,,,,,,,,,,,,,,,,,,,,,,,,,,,,,,,,,,,,,,,,,,,,,,,,,,,,,,,,,,,,,,,,,,,,,,,,,,,,,,,,,,,,,,,,,,,,,,,TOR,NJN,1610612761,NJN_TOR_2007
2411,Bostjan Nachbar,Bostjan,1610612751,NJN,26.0,1,0,1,0.0,27.616666666666667,2,9,0.222,0,7,0.0,5,5,1.0,0,3,3,2,3,0,0,0,4,3,9,3,12.6,0,0,14.0,1,23,23,23,18,23,16,30,18,3,18,5,10,1,20,15,19,11,3,17,10,1,30,13,20,13,24,4,1,21,27,0.0,2.0,9.0,125.8,8,125.2,26,93.86,18,0.222,126.4,7,10.1,9,13,53,26,11,116.4,27,0.167,37,93.86,116.4,0.073,0.241,12.5,10.1,15,90.69,30,23,18,18.5,15,78.21,33,0.105,0.0,37,29,0.67,126.4,9,0.244,34,20,11,28,0.402,7,18.8,16,0.6,7,0.0,0.0,1.0,1.0,3.0,1.0,0.0,1.0,0.0,4.0,1.0,0.0,1.0,0.0,0.0,0.0,0.0,0.0,0.0,0.0,0.0,1.0,0.0,2.0,,0.0,0.0,1.0,0.0,0.0,1.0,,0.0,,1.0,1.0,6.0,,NJN,,1.0,1.0,0.0,0.0,1.0,0.0,0.0,,0.0,0.0,0.0,0.0,2007,20070501,,,,,,,,,,,,,,,,,,,,,,,,,,,,,,,,,,,,,,,,,,,,,,,,,,,,,,,,,,,,,,,,,,,,,,,,,,,,,,,,,,,,,,,,,,,,,,,,,,,,,,,,,,,,,,,,,,,,,,,,,,,,,,,,,,,,,,,,,,,,,,,,,,,,,,,TOR,NJN,1610612761,NJN_TOR_2007
2215,Jason Collins,Jason,1610612751,NJN,28.0,1,0,1,0.0,17.416666666666668,0,1,0.0,0,0,0.0,0,0,0.0,1,1,2,1,2,0,0,1,5,2,0,-4,1.9,0,0,3.0,1,23,23,23,25,32,31,32,18,24,18,25,26,25,10,27,24,18,11,17,10,32,36,19,33,27,34,4,1,34,11,-0.125,0.0,1.0,93.3,30,107.0,31,89.57,30,0.0,90.6,33,-9.4,33,17,32,31,27,100.0,11,0.067,40,89.57,100.0,0.057,0.081,25.0,-9.4,17,85.33,32,32,24,50.0,7,74.64,39,0.091,0.05,40,33,0.5,90.6,33,0.086,14,12,27,38,0.0,33,50.0,31,-13.7,32,,0.0,0.0,0.0,0.0,1.0,0.0,0.0,0.0,0.0,0.0,0.0,0.0,0.0,,0.0,0.0,,0.0,0.0,0.0,0.0,0.0,0.0,,0.0,0.0,0.0,0.0,,0.0,,,,0.0,1.0,0.0,,NJN,,0.0,0.0,,0.0,,0.0,0.0,,0.0,,0.0,,2007,20070501,,,,,,,,,,,,,,,,,,,,,,,,,,,,,,,,,,,,,,,,,,,,,,,,,,,,,,,,,,,,,,,,,,,,,,,,,,,,,,,,,,,,,,,,,,,,,,,,,,,,,,,,,,,,,,,,,,,,,,,,,,,,,,,,,,,,,,,,,,,,,,,,,,,,,,,TOR,NJN,1610612761,NJN_TOR_2007
200801,Hassan Adams,Hassan,1610612751,NJN,23.0,1,0,1,0.0,0.855,0,0,0.0,0,0,0.0,0,0,0.0,0,0,0,0,0,0,0,0,1,0,0,-2,0.0,0,0,0.0,1,23,23,23,39,32,35,32,18,24,18,25,26,25,20,34,34,24,25,17,10,1,6,33,33,23,35,4,1,35,3,0.0,0.0,0.0,0.0,34,106.4,2,140.35,40,0.0,0.0,39,-66.7,37,24,2,2,38,66.7,3,0.0,1,140.35,66.7,0.0,0.0,0.0,-66.7,19,108.91,32,32,34,0.0,24,116.96,33,0.0,0.0,1,33,0.0,0.0,37,0.0,13,20,38,4,0.0,39,0.0,35,-106.4,39,0.0,,,0.0,,0.0,,,0.0,0.0,,,0.0,,0.0,,,0.0,,,0.0,,,,,,,,,0.0,,,0.0,,0.0,0.0,,,NJN,,0.0,,0.0,,0.0,,,,,0.0,,0.0,2007,20070501,,,,,,,,,,,,,,,,,,,,,,,,,,,,,,,,,,,,,,,,,,,,,,,,,,,,,,,,,,,,,,,,,,,,,,,,,,,,,,,,,,,,,,,,,,,,,,,,,,,,,,,,,,,,,,,,,,,,,,,,,,,,,,,,,,,,,,,,,,,,,,,,,,,,,,,TOR,NJN,1610612761,NJN_TOR_2007
1713,Vince Carter,Vince,1610612751,NJN,30.0,1,0,1,0.0,44.98333333333333,10,22,0.455,4,7,0.571,6,10,0.6,3,2,5,2,3,1,0,3,2,6,30,0,39.0,0,0,43.0,1,23,23,23,3,2,1,19,2,3,9,3,2,18,3,21,12,11,3,5,10,41,16,2,1,18,4,4,1,3,16,0.112,10.0,22.0,108.3,32,111.9,33,88.03,21,0.545,111.0,22,1.3,3,15,82,33,18,109.6,16,0.057,25,88.03,109.6,0.066,0.319,6.5,1.3,15,88.2,18,2,21,9.6,22,73.36,16,0.095,0.073,25,21,0.67,111.0,3,0.32,18,10,18,31,0.568,22,9.7,1,-3.6,28,0.0,0.0,1.0,0.375,0.0,8.0,4.0,3.0,4.0,7.0,0.333,0.0,3.0,0.0,0.0,0.0,0.0,0.0,0.5,2.0,0.571,0.0,0.0,0.0,,0.0,0.667,0.0,4.0,0.0,0.0,,0.5,,4.0,9.0,6.0,,NJN,,0.444,0.0,0.0,2.0,2.0,0.0,3.0,,0.333,0.0,1.0,1.0,2007,20070501,,,,,,,,,,,,,,,,,,,,,,,,,,,,,,,,,,,,,,,,,,,,,,,,,,,,,,,,,,,,,,,,,,,,,,,,,,,,,,,,,,,,,,,,,,,,,,,,,,,,,,,,,,,,,,,,,,,,,,,,,,,,,,,,,,,,,,,,,,,,,,,,,,,,,,,TOR,NJN,1610612761,NJN_TOR_2007
2210,Richard Jefferson,Richard,1610612751,NJN,27.0,1,0,1,0.0,41.2,9,14,0.643,2,4,0.5,3,3,1.0,0,4,4,4,1,1,1,1,3,2,23,-5,38.8,0,0,37.0,1,23,23,23,7,5,8,8,8,10,10,13,15,1,20,11,14,7,15,5,2,32,23,19,5,29,5,4,1,5,30,0.175,9.0,14.0,111.8,17,117.6,38,85.05,24,0.714,113.9,19,-3.7,16,8,72,38,22,117.6,30,0.125,19,85.05,117.6,0.058,0.2,20.0,-3.7,2,85.84,11,5,23,4.9,10,70.87,6,0.2,0.0,18,9,4.0,113.9,17,0.203,27,20,22,37,0.751,19,5.0,8,-5.8,23,,0.5,3.0,1.0,3.0,2.0,3.0,5.0,0.0,1.0,0.6,0.667,2.0,1.0,,1.0,2.0,,0.667,2.0,0.0,1.0,1.0,2.0,,1.0,0.6,3.0,3.0,,0.333,,0.0,,3.0,3.0,5.0,,NJN,,1.0,1.0,,1.0,0.0,1.0,2.0,,0.5,,1.0,0.0,2007,20070501,,,,,,,,,,,,,,,,,,,,,,,,,,,,,,,,,,,,,,,,,,,,,,,,,,,,,,,,,,,,,,,,,,,,,,,,,,,,,,,,,,,,,,,,,,,,,,,,,,,,,,,,,,,,,,,,,,,,,,,,,,,,,,,,,,,,,,,,,,,,,,,,,,,,,,,TOR,NJN,1610612761,NJN_TOR_2007
1630,Mikki Moore,Mikki,1610612751,NJN,31.0,1,0,1,0.0,32.471666666666664,3,9,0.333,0,0,0.0,0,0,0.0,3,7,10,1,0,1,1,0,3,3,6,-10,25.5,0,0,21.0,1,23,23,23,15,18,16,23,18,24,18,25,26,25,3,3,2,18,25,5,2,1,23,13,25,40,17,4,1,18,23,0.08,3.0,9.0,98.8,2,116.8,39,85.0,32,0.333,100.0,29,-15.5,27,21,57,39,31,115.5,23,0.28,1,85.0,115.5,0.169,0.138,10.0,-15.5,19,85.06,26,18,4,0.0,20,70.83,23,0.056,0.088,1,31,0.0,100.0,29,0.139,26,8,31,39,0.333,29,0.0,16,-18.1,30,,0.0,1.0,0.667,0.0,3.0,0.0,6.0,0.0,0.0,0.167,0.0,2.0,0.0,,0.0,0.0,,0.0,0.0,0.0,0.0,0.0,0.0,,0.0,0.0,2.0,0.0,,0.0,,0.0,,2.0,3.0,2.0,,NJN,,0.667,0.0,,1.0,0.0,0.0,1.0,,1.0,,1.0,0.0,2007,20070501,,,,,,,,,,,,,,,,,,,,,,,,,,,,,,,,,,,,,,,,,,,,,,,,,,,,,,,,,,,,,,,,,,,,,,,,,,,,,,,,,,,,,,,,,,,,,,,,,,,,,,,,,,,,,,,,,,,,,,,,,,,,,,,,,,,,,,,,,,,,,,,,,,,,,,,TOR,NJN,1610612761,NJN_TOR_2007
200766,Marcus Williams,Marcus,1610612751,NJN,21.0,1,0,1,0.0,6.545,1,1,1.0,0,0,0.0,1,2,0.5,1,1,2,1,0,0,0,0,0,1,3,3,6.9,0,0,6.0,1,23,23,23,33,27,31,1,18,24,18,21,19,20,10,27,24,18,25,17,10,1,1,26,29,13,30,4,1,30,4,0.45,1.0,1.0,93.1,8,81.2,10,102.67,10,1.0,92.9,32,21.4,30,2,14,10,4,71.4,4,0.167,1,102.67,71.4,0.154,0.133,33.3,21.4,19,96.37,1,27,8,0.0,4,85.56,1,0.5,0.143,1,7,0.0,92.9,31,0.126,4,2,4,22,0.798,32,0.0,31,12.0,33,0.0,,1.0,0.0,,0.0,,1.0,0.0,0.0,1.0,,0.0,,0.0,,,0.0,,,0.0,,,,,0.0,1.0,0.0,1.0,0.0,0.0,,0.0,,0.0,0.0,1.0,,NJN,,0.0,0.0,0.0,0.0,0.0,0.0,,,,0.0,,0.0,2007,20070501,,,,,,,,,,,,,,,,,,,,,,,,,,,,,,,,,,,,,,,,,,,,,,,,,,,,,,,,,,,,,,,,,,,,,,,,,,,,,,,,,,,,,,,,,,,,,,,,,,,,,,,,,,,,,,,,,,,,,,,,,,,,,,,,,,,,,,,,,,,,,,,,,,,,,,,TOR,NJN,1610612761,NJN_TOR_2007
200767,Josh Boone,Josh,1610612751,NJN,22.0,1,0,1,0.0,8.595,1,1,1.0,0,0,0.0,6,7,0.857,0,1,1,0,0,0,0,0,2,4,8,11,9.2,0,0,9.0,1,23,23,23,30,27,31,1,18,24,18,3,5,11,20,27,32,24,25,17,10,1,16,8,22,5,27,4,1,28,6,0.211,1.0,1.0,143.2,8,93.8,16,97.73,3,1.0,144.4,1,56.2,13,24,18,16,1,88.2,6,0.167,1,97.73,88.2,0.111,0.211,0.0,56.2,19,95.39,1,27,9,0.0,24,81.44,3,0.0,0.0,1,2,0.0,144.4,15,0.213,7,20,1,24,0.98,1,0.0,31,49.4,2,,0.0,0.0,1.0,0.0,1.0,0.0,0.0,0.0,0.0,0.0,0.0,1.0,,,,0.0,,0.0,0.0,0.0,,0.0,0.0,,0.0,0.0,0.0,0.0,,0.0,,0.0,,1.0,1.0,0.0,,NJN,,1.0,0.0,,0.0,0.0,0.0,0.0,,0.0,,0.0,0.0,2007,20070501,,,,,,,,,,,,,,,,,,,,,,,,,,,,,,,,,,,,,,,,,,,,,,,,,,,,,,,,,,,,,,,,,,,,,,,,,,,,,,,,,,,,,,,,,,,,,,,,,,,,,,,,,,,,,,,,,,,,,,,,,,,,,,,,,,,,,,,,,,,,,,,,,,,,,,,TOR,NJN,1610612761,NJN_TOR_2007
467,Jason Kidd,Jason,1610612751,NJN,34.0,1,0,1,0.0,41.41666666666666,4,9,0.444,3,7,0.429,0,0,0.0,1,6,7,10,3,1,0,0,4,3,11,-5,34.4,1,0,33.0,1,23,23,23,5,14,16,20,3,3,12,25,26,25,10,5,7,1,3,5,10,1,30,13,15,29,8,1,1,9,32,0.124,4.0,9.0,111.0,7,120.5,36,85.76,28,0.611,113.5,20,-6.8,26,4,74,36,25,120.3,32,0.194,31,85.76,120.3,0.101,0.143,45.5,-6.8,3,86.67,15,14,11,13.6,2,71.47,14,0.4,0.026,31,18,3.33,113.5,28,0.142,32,17,25,34,0.611,20,13.6,16,-9.5,24,,0.5,0.0,1.0,3.0,1.0,0.0,1.0,2.0,4.0,0.0,0.333,1.0,0.0,,0.0,1.0,,0.0,0.0,0.5,1.0,1.0,2.0,,0.0,0.429,0.0,3.0,,0.0,,0.0,,1.0,1.0,7.0,,NJN,,1.0,0.0,,1.0,0.0,0.0,0.0,,0.0,,0.0,0.0,2007,20070501,,,,,,,,,,,,,,,,,,,,,,,,,,,,,,,,,,,,,,,,,,,,,,,,,,,,,,,,,,,,,,,,,,,,,,,,,,,,,,,,,,,,,,,,,,,,,,,,,,,,,,,,,,,,,,,,,,,,,,,,,,,,,,,,,,,,,,,,,,,,,,,,,,,,,,,TOR,NJN,1610612761,NJN_TOR_2007
101120,Antoine Wright,Antoine,1610612751,NJN,23.0,1,0,1,0.0,18.9,2,6,0.333,0,1,0.0,2,2,1.0,0,2,2,0,0,1,1,1,2,1,6,-1,14.4,0,0,12.0,1,23,23,23,24,23,21,23,18,19,18,17,19,1,20,21,24,24,25,5,2,32,16,26,25,21,22,4,1,24,8,0.1,2.0,6.0,89.6,17,91.2,30,90.16,20,0.333,86.1,36,-5.3,22,24,36,30,23,91.4,8,0.125,1,90.16,91.4,0.065,0.179,0.0,-5.3,19,88.48,26,23,22,0.0,24,75.13,19,0.0,0.0,1,27,0.0,86.1,20,0.183,5,20,23,30,0.436,36,0.0,21,-1.6,35,0.0,0.0,2.0,0.0,0.0,1.0,1.0,3.0,0.0,0.0,0.667,0.0,0.0,0.0,1.0,0.0,0.0,0.0,0.0,0.0,0.0,0.0,0.0,0.0,,0.0,0.5,1.0,1.0,0.0,1.0,,0.0,,0.0,2.0,2.0,,NJN,,0.0,1.0,0.0,0.0,0.0,0.0,0.0,,0.0,1.0,0.0,0.0,2007,20070501,,,,,,,,,,,,,,,,,,,,,,,,,,,,,,,,,,,,,,,,,,,,,,,,,,,,,,,,,,,,,,,,,,,,,,,,,,,,,,,,,,,,,,,,,,,,,,,,,,,,,,,,,,,,,,,,,,,,,,,,,,,,,,,,,,,,,,,,,,,,,,,,,,,,,,,TOR,NJN,1610612761,NJN_TOR_2007
101120,Antoine Wright,Antoine,1610612751,NJN,23.0,1,1,0,1.0,13.635,2,4,0.5,1,1,1.0,0,0,0.0,0,4,4,0,0,0,0,1,2,0,5,-5,9.8,0,0,10.0,1,1,1,1,13,12,12,8,5,10,1,12,12,12,9,7,9,11,14,11,6,14,7,13,12,14,13,2,1,13,16,0.104,2.0,4.0,110.4,1,115.0,9,93.29,12,0.625,92.6,16,-22.8,13,11,27,9,16,115.4,16,0.444,1,93.29,115.4,0.235,0.148,0.0,-22.8,10,85.76,9,12,1,0.0,11,77.74,8,0.0,0.0,1,10,0.0,92.6,11,0.177,13,9,16,15,0.625,16,0.0,12,-4.6,8,,,0.0,0.5,1.0,2.0,0.0,1.0,0.0,0.0,0.0,1.0,1.0,1.0,,1.0,1.0,,0.0,0.0,0.0,1.0,,,,0.0,1.0,1.0,1.0,,0.0,,0.0,,1.0,2.0,1.0,,NJN,,0.5,0.0,,0.0,0.0,0.0,0.0,,0.0,,0.0,0.0,2007,20070504,,,,,,,,,,,,,,,,,,,,,,,,,,,,,,,,,,,,,,,,,,,,,,,,,,,,,,,,,,,,,,,,,,,,,,,,,,,,,,,,,,,,,,,,,,,,,,,,,,,,,,,,,,,,,,,,,,,,,,,,,,,,,,,,,,,,,,,,,,,,,,,,,,,,,,,TOR,NJN,1610612761,NJN_TOR_2007
2411,Bostjan Nachbar,Bostjan,1610612751,NJN,26.0,1,1,0,1.0,23.66,5,8,0.625,3,5,0.6,2,2,1.0,0,3,3,2,0,1,0,0,3,1,15,11,24.6,0,0,25.0,1,1,1,1,11,8,9,5,1,2,5,8,9,1,9,10,10,6,14,5,6,1,12,10,7,1,8,2,1,7,9,0.161,5.0,8.0,132.3,9,107.9,3,94.34,1,0.813,125.5,2,21.2,10,5,47,3,1,104.3,9,0.143,1,94.34,104.3,0.088,0.188,18.2,21.2,10,90.36,3,8,11,0.0,6,78.61,3,0.143,0.0,1,1,0.0,125.5,10,0.195,11,9,1,12,0.845,2,0.0,9,24.4,2,,0.5,0.0,1.0,3.0,2.0,0.0,1.0,1.0,2.0,0.0,0.667,2.0,1.0,,1.0,2.0,,0.0,0.0,0.5,1.0,1.0,2.0,,0.0,0.75,0.0,3.0,,0.0,,0.0,,2.0,2.0,4.0,,NJN,,1.0,0.0,,1.0,1.0,0.0,0.0,,0.0,,0.0,0.0,2007,20070504,,,,,,,,,,,,,,,,,,,,,,,,,,,,,,,,,,,,,,,,,,,,,,,,,,,,,,,,,,,,,,,,,,,,,,,,,,,,,,,,,,,,,,,,,,,,,,,,,,,,,,,,,,,,,,,,,,,,,,,,,,,,,,,,,,,,,,,,,,,,,,,,,,,,,,,TOR,NJN,1610612761,NJN_TOR_2007
1713,Vince Carter,Vince,1610612751,NJN,30.0,1,1,0,1.0,41.725,6,19,0.316,2,3,0.667,7,8,0.875,1,4,5,2,4,0,0,3,1,6,21,-6,26.0,0,0,30.0,1,1,1,1,5,3,2,15,3,3,4,2,2,4,3,7,7,6,2,11,6,18,4,2,3,17,7,2,1,6,5,0.06,6.0,19.0,98.7,11,104.0,10,93.18,13,0.368,95.1,15,-7.4,4,9,81,10,14,102.5,5,0.118,12,93.18,102.5,0.074,0.303,6.9,-7.4,9,90.77,15,3,12,14.0,9,77.65,12,0.105,0.029,12,14,0.5,95.1,4,0.312,5,7,14,11,0.466,15,13.8,2,-5.3,15,,0.0,2.0,0.25,0.0,8.0,2.0,6.0,2.0,3.0,0.333,0.0,2.0,0.0,,0.0,0.0,,0.0,0.0,0.667,0.0,0.0,0.0,,1.0,0.0,3.0,0.0,,0.333,,1.0,,2.0,8.0,2.0,,NJN,,0.25,1.0,,1.0,2.0,1.0,3.0,,0.0,,0.0,2.0,2007,20070504,,,,,,,,,,,,,,,,,,,,,,,,,,,,,,,,,,,,,,,,,,,,,,,,,,,,,,,,,,,,,,,,,,,,,,,,,,,,,,,,,,,,,,,,,,,,,,,,,,,,,,,,,,,,,,,,,,,,,,,,,,,,,,,,,,,,,,,,,,,,,,,,,,,,,,,TOR,NJN,1610612761,NJN_TOR_2007
2210,Richard Jefferson,Richard,1610612751,NJN,27.0,1,1,0,1.0,43.833333333333336,6,12,0.5,1,2,0.5,11,12,0.917,1,4,5,3,5,1,1,0,2,9,24,3,35.5,0,0,37.0,1,1,1,1,2,3,3,8,5,4,6,1,1,3,3,7,7,4,1,5,2,1,7,1,1,5,4,2,1,3,12,0.117,6.0,12.0,111.0,12,106.1,11,93.08,7,0.542,108.1,7,1.0,6,6,86,11,10,107.1,12,0.105,14,93.08,107.1,0.072,0.245,11.5,1.0,8,92.29,10,3,13,19.8,7,77.57,6,0.125,0.032,14,7,0.6,108.1,7,0.245,7,6,10,8,0.694,7,19.2,3,4.9,6,,1.0,0.0,0.571,1.0,7.0,1.0,2.0,0.0,1.0,0.0,1.0,4.0,0.0,,0.0,1.0,,1.0,1.0,0.0,0.0,1.0,1.0,,0.0,1.0,2.0,1.0,,0.0,,0.0,,4.0,7.0,1.0,,NJN,,0.571,0.0,,0.0,1.0,0.0,1.0,,1.0,,1.0,0.0,2007,20070504,,,,,,,,,,,,,,,,,,,,,,,,,,,,,,,,,,,,,,,,,,,,,,,,,,,,,,,,,,,,,,,,,,,,,,,,,,,,,,,,,,,,,,,,,,,,,,,,,,,,,,,,,,,,,,,,,,,,,,,,,,,,,,,,,,,,,,,,,,,,,,,,,,,,,,,TOR,NJN,1610612761,NJN_TOR_2007
1630,Mikki Moore,Mikki,1610612751,NJN,31.0,1,1,0,1.0,28.006666666666668,5,6,0.833,0,0,0.0,0,0,0.0,2,6,8,2,2,0,1,0,5,0,10,5,23.6,0,0,22.0,1,1,1,1,10,8,10,2,11,13,11,12,12,12,1,4,1,6,6,11,2,1,17,13,10,2,9,2,1,10,14,0.102,5.0,6.0,117.5,2,107.2,14,92.55,4,0.833,118.5,3,9.3,14,8,54,14,4,109.3,14,0.261,15,92.55,109.3,0.182,0.131,20.0,9.3,5,93.85,2,8,2,20.0,4,77.12,9,0.118,0.095,15,2,1.0,118.5,14,0.132,10,3,4,2,0.833,3,20.0,10,10.3,3,,0.0,3.0,1.0,0.0,2.0,0.0,4.0,0.0,0.0,0.75,0.0,2.0,0.0,,0.0,0.0,,0.0,0.0,0.0,0.0,0.0,0.0,,0.0,0.0,4.0,0.0,,0.75,,0.0,,2.0,2.0,0.0,,NJN,,1.0,3.0,,0.0,0.0,0.0,0.0,,0.0,,0.0,0.0,2007,20070504,,,,,,,,,,,,,,,,,,,,,,,,,,,,,,,,,,,,,,,,,,,,,,,,,,,,,,,,,,,,,,,,,,,,,,,,,,,,,,,,,,,,,,,,,,,,,,,,,,,,,,,,,,,,,,,,,,,,,,,,,,,,,,,,,,,,,,,,,,,,,,,,,,,,,,,TOR,NJN,1610612761,NJN_TOR_2007
200766,Marcus Williams,Marcus,1610612751,NJN,21.0,1,1,0,1.0,3.85,0,2,0.0,0,2,0.0,0,0,0.0,0,0,0,0,0,0,0,0,0,0,0,-3,0.0,0,0,0.0,1,1,1,1,17,16,13,16,11,4,11,12,12,12,9,15,16,11,14,11,6,1,1,13,16,13,17,2,1,17,4,-0.154,0.0,2.0,83.3,15,116.3,7,93.51,18,0.0,71.4,18,-28.6,5,11,7,7,18,100.0,4,0.0,1,93.51,100.0,0.0,0.25,0.0,-28.6,10,80.29,16,16,16,0.0,11,77.92,18,0.0,0.0,1,16,0.0,71.4,5,0.286,14,9,18,18,0.0,18,0.0,13,-32.9,18,,,0.0,0.0,,0.0,0.0,0.0,0.0,2.0,0.0,,0.0,,,,,,0.0,0.0,0.0,,,,,0.0,0.0,0.0,0.0,,0.0,,0.0,,0.0,0.0,1.0,,NJN,,0.0,0.0,,0.0,1.0,0.0,0.0,,0.0,,0.0,0.0,2007,20070504,,,,,,,,,,,,,,,,,,,,,,,,,,,,,,,,,,,,,,,,,,,,,,,,,,,,,,,,,,,,,,,,,,,,,,,,,,,,,,,,,,,,,,,,,,,,,,,,,,,,,,,,,,,,,,,,,,,,,,,,,,,,,,,,,,,,,,,,,,,,,,,,,,,,,,,TOR,NJN,1610612761,NJN_TOR_2007
200767,Josh Boone,Josh,1610612751,NJN,22.0,1,1,0,1.0,6.633333333333334,1,2,0.5,0,0,0.0,0,0,0.0,1,0,1,0,1,0,0,0,1,0,2,-5,2.2,0,0,3.0,1,1,1,1,16,13,13,8,11,13,11,12,12,12,3,15,14,11,9,11,6,1,4,13,15,14,16,2,1,15,12,-0.019,1.0,2.0,90.9,15,116.5,4,94.07,17,0.5,83.3,17,-23.8,7,11,12,4,17,107.1,12,0.0,16,94.07,107.1,0.091,0.231,0.0,-23.8,10,86.4,12,13,10,33.3,11,78.39,15,0.0,0.167,16,13,0.0,83.3,6,0.25,16,1,17,14,0.5,17,33.3,13,-25.6,17,,0.0,0.0,0.5,0.0,2.0,0.0,0.0,0.0,0.0,0.0,0.0,1.0,,,,0.0,,0.0,0.0,0.0,,0.0,0.0,,0.0,0.0,0.0,0.0,,0.0,,0.0,,1.0,2.0,0.0,,NJN,,0.5,0.0,,0.0,0.0,0.0,0.0,,0.0,,0.0,0.0,2007,20070504,,,,,,,,,,,,,,,,,,,,,,,,,,,,,,,,,,,,,,,,,,,,,,,,,,,,,,,,,,,,,,,,,,,,,,,,,,,,,,,,,,,,,,,,,,,,,,,,,,,,,,,,,,,,,,,,,,,,,,,,,,,,,,,,,,,,,,,,,,,,,,,,,,,,,,,TOR,NJN,1610612761,NJN_TOR_2007
467,Jason Kidd,Jason,1610612751,NJN,34.0,1,1,0,1.0,42.16666666666666,6,11,0.545,3,6,0.5,3,4,0.75,2,6,8,15,4,2,0,1,2,2,18,5,52.1,1,0,48.0,1,1,1,1,4,3,5,6,1,1,6,6,6,7,1,4,1,1,2,2,6,14,7,7,5,2,2,1,1,1,5,0.201,6.0,11.0,110.8,8,99.9,13,92.77,3,0.682,107.3,8,4.8,9,1,82,13,7,102.5,5,0.158,11,92.77,102.5,0.118,0.191,46.9,4.8,2,92.52,7,3,5,12.6,1,77.31,2,0.652,0.067,10,6,3.75,107.3,9,0.196,3,5,7,6,0.705,8,12.5,5,10.9,7,,0.0,1.0,0.667,2.0,3.0,0.0,2.0,2.0,4.0,0.5,0.5,2.0,1.0,,1.0,1.0,,0.0,0.0,0.5,1.0,0.0,1.0,,0.0,0.4,0.0,2.0,,0.0,,0.667,,2.0,3.0,5.0,,NJN,,0.667,0.0,,0.0,3.0,0.0,0.0,,0.0,,0.0,2.0,2007,20070504,,,,,,,,,,,,,,,,,,,,,,,,,,,,,,,,,,,,,,,,,,,,,,,,,,,,,,,,,,,,,,,,,,,,,,,,,,,,,,,,,,,,,,,,,,,,,,,,,,,,,,,,,,,,,,,,,,,,,,,,,,,,,,,,,,,,,,,,,,,,,,,,,,,,,,,TOR,NJN,1610612761,NJN_TOR_2007
2215,Jason Collins,Jason,1610612751,NJN,28.0,1,1,0,1.0,36.49,1,1,1.0,0,0,0.0,1,3,0.333,0,6,6,0,3,2,0,0,3,3,3,0,13.2,0,0,13.0,1,1,1,1,8,13,17,1,11,13,11,9,8,11,9,4,6,11,4,2,6,1,12,5,13,10,12,2,1,12,2,0.027,1.0,1.0,100.2,7,95.9,8,93.4,8,1.0,97.2,14,0.0,16,11,71,8,11,97.2,2,0.176,18,93.4,97.2,0.098,0.077,0.0,0.0,10,92.61,1,13,9,56.4,11,77.83,13,0.0,0.0,17,9,0.0,97.2,17,0.071,2,9,11,5,0.647,14,50.0,17,4.2,12,,0.0,0.0,1.0,0.0,1.0,0.0,0.0,0.0,0.0,0.0,0.0,1.0,0.0,,0.0,0.0,,0.0,0.0,0.0,0.0,0.0,0.0,,0.0,0.0,0.0,0.0,,0.0,,0.0,,1.0,1.0,0.0,,NJN,,1.0,0.0,,0.0,0.0,0.0,0.0,,0.0,,0.0,0.0,2007,20070504,,,,,,,,,,,,,,,,,,,,,,,,,,,,,,,,,,,,,,,,,,,,,,,,,,,,,,,,,,,,,,,,,,,,,,,,,,,,,,,,,,,,,,,,,,,,,,,,,,,,,,,,,,,,,,,,,,,,,,,,,,,,,,,,,,,,,,,,,,,,,,,,,,,,,,,TOR,NJN,1610612761,NJN_TOR_2007
