GAME_ID,TEAM_ID,TEAM_CITY,TEAM_NAME,PERSON_ID,PLAYER_FIRST,PLAYER_LAST,IN_TIME_REAL,OUT_TIME_REAL,PLAYER_PTS,PT_DIFF,USG_PCT
0021800529,1610612739,Cleveland,Cavaliers,101112,Channing,Frye,4660.0,7960.0,0.0,-9.0,0.25
0021800529,1610612739,Cleveland,Cavaliers,101112,Channing,Frye,17970.0,21600.0,2.0,-10.0,0.267
0021800529,1610612739,Cleveland,Cavaliers,202692,Alec,Burks,0.0,5000.0,2.0,9.0,0.111
0021800529,1610612739,Cleveland,Cavaliers,202692,Alec,Burks,7200.0,13080.0,3.0,-13.0,0.111
0021800529,1610612739,Cleveland,Cavaliers,202692,Alec,Burks,14400.0,19040.0,0.0,1.0,0.222
0021800529,1610612739,Cleveland,Cavaliers,202692,Alec,Burks,20310.0,28800.0,12.0,4.0,0.265
0021800529,1610612739,Cleveland,Cavaliers,203521,Matthew,Dellavedova,4660.0,9300.0,3.0,-7.0,0.158
0021800529,1610612739,Cleveland,Cavaliers,203521,Matthew,Dellavedova,19040.0,26190.0,4.0,-1.0,0.259
0021800529,1610612739,Cleveland,Cavaliers,203903,Jordan,Clarkson,3820.0,11360.0,6.0,-11.0,0.357
0021800529,1610612739,Cleveland,Cavaliers,203903,Jordan,Clarkson,19040.0,28800.0,9.0,2.0,0.154
0021800529,1610612739,Cleveland,Cavaliers,1626204,Larry,Nance Jr.,0.0,4660.0,8.0,7.0,0.235
0021800529,1610612739,Cleveland,Cavaliers,1626204,Larry,Nance Jr.,7960.0,17970.0,4.0,2.0,0.083
0021800529,1610612739,Cleveland,Cavaliers,1626204,Larry,Nance Jr.,21600.0,28800.0,6.0,7.0,0.107
0021800529,1610612739,Cleveland,Cavaliers,1626224,Cedi,Osman,0.0,6460.0,7.0,10.0,0.16
0021800529,1610612739,Cleveland,Cavaliers,1626224,Cedi,Osman,7960.0,20310.0,12.0,-5.0,0.244
0021800529,1610612739,Cleveland,Cavaliers,1626224,Cedi,Osman,26190.0,28800.0,3.0,3.0,0.154
0021800529,1610612739,Cleveland,Cavaliers,1627883,Jalen,Jones,5000.0,7200.0,2.0,-6.0,0.091
0021800529,1610612739,Cleveland,Cavaliers,1627883,Jalen,Jones,13080.0,14400.0,3.0,4.0,0.333
0021800529,1610612739,Cleveland,Cavaliers,1627883,Jalen,Jones,19500.0,26190.0,2.0,1.0,0.115
0021800529,1610612739,Cleveland,Cavaliers,1628417,Jaron,Blossomgame,0.0,3820.0,0.0,5.0,0.154
0021800529,1610612739,Cleveland,Cavaliers,1628417,Jaron,Blossomgame,6460.0,7960.0,0.0,-12.0,0.143
0021800529,1610612739,Cleveland,Cavaliers,1628417,Jaron,Blossomgame,11360.0,19500.0,2.0,-1.0,0.129
0021800529,1610612739,Cleveland,Cavaliers,1628417,Jaron,Blossomgame,28497.0,28675.0,0.0,-1.0,0.0
0021800529,1610612739,Cleveland,Cavaliers,1629012,Collin,Sexton,0.0,4660.0,2.0,7.0,0.235
0021800529,1610612739,Cleveland,Cavaliers,1629012,Collin,Sexton,9300.0,19040.0,13.0,-5.0,0.333
0021800529,1610612739,Cleveland,Cavaliers,1629012,Collin,Sexton,26190.0,28497.0,3.0,4.0,0.273
0021800529,1610612739,Cleveland,Cavaliers,1629012,Collin,Sexton,28675.0,28800.0,0.0,0.0,0.0
0021800097,1610612739,Cleveland,Cavaliers,2594,Kyle,Korver,4580.0,9770.0,2.0,-7.0,0.222
0021800097,1610612739,Cleveland,Cavaliers,2594,Kyle,Korver,19100.0,22800.0,1.0,-8.0,0.111
0021800097,1610612739,Cleveland,Cavaliers,201588,George,Hill,0.0,1920.0,8.0,5.0,0.5
0021800097,1610612739,Cleveland,Cavaliers,201588,George,Hill,7960.0,11260.0,5.0,-1.0,0.154
0021800097,1610612739,Cleveland,Cavaliers,201588,George,Hill,14400.0,18490.0,4.0,10.0,0.176
0021800097,1610612739,Cleveland,Cavaliers,201588,George,Hill,24310.0,27180.0,0.0,10.0,0.091
0021800097,1610612739,Cleveland,Cavaliers,202684,Tristan,Thompson,0.0,4580.0,2.0,7.0,0.1
0021800097,1610612739,Cleveland,Cavaliers,202684,Tristan,Thompson,10100.0,18570.0,5.0,13.0,0.184
0021800097,1610612739,Cleveland,Cavaliers,202684,Tristan,Thompson,22800.0,27320.0,4.0,15.0,0.167
0021800097,1610612739,Cleveland,Cavaliers,203903,Jordan,Clarkson,4580.0,9770.0,4.0,-7.0,0.222
0021800097,1610612739,Cleveland,Cavaliers,203903,Jordan,Clarkson,13470.0,14400.0,0.0,3.0,0.0
0021800097,1610612739,Cleveland,Cavaliers,203903,Jordan,Clarkson,18570.0,28800.0,11.0,8.0,0.25
0021800097,1610612739,Cleveland,Cavaliers,203918,Rodney,Hood,0.0,5600.0,9.0,8.0,0.25
0021800097,1610612739,Cleveland,Cavaliers,203918,Rodney,Hood,9770.0,13470.0,1.0,-2.0,0.118
0021800097,1610612739,Cleveland,Cavaliers,203918,Rodney,Hood,14400.0,19100.0,11.0,17.0,0.25
0021800097,1610612739,Cleveland,Cavaliers,203918,Rodney,Hood,22800.0,27320.0,5.0,15.0,0.167
0021800097,1610612739,Cleveland,Cavaliers,1626155,Sam,Dekker,0.0,4580.0,5.0,7.0,0.15
0021800097,1610612739,Cleveland,Cavaliers,1626155,Sam,Dekker,9280.0,20990.0,7.0,14.0,0.077
0021800097,1610612739,Cleveland,Cavaliers,1626155,Sam,Dekker,27800.0,28800.0,0.0,-4.0,0.0
0021800097,1610612739,Cleveland,Cavaliers,1626204,Larry,Nance Jr.,4580.0,10100.0,4.0,-6.0,0.211
0021800097,1610612739,Cleveland,Cavaliers,1626204,Larry,Nance Jr.,18570.0,22800.0,5.0,-4.0,0.286
0021800097,1610612739,Cleveland,Cavaliers,1626224,Cedi,Osman,0.0,4580.0,1.0,7.0,0.1
0021800097,1610612739,Cleveland,Cavaliers,1626224,Cedi,Osman,9770.0,18570.0,11.0,14.0,0.308
0021800097,1610612739,Cleveland,Cavaliers,1626224,Cedi,Osman,20990.0,27800.0,8.0,12.0,0.194
0021800097,1610612739,Cleveland,Cavaliers,1627790,Ante,Zizic,27320.0,28800.0,4.0,-3.0,0.333
0021800097,1610612739,Cleveland,Cavaliers,1628021,David,Nwaba,5600.0,9280.0,2.0,-8.0,0.154
0021800097,1610612739,Cleveland,Cavaliers,1628021,David,Nwaba,27320.0,28800.0,0.0,-3.0,0.222
0021800097,1610612739,Cleveland,Cavaliers,1629012,Collin,Sexton,1920.0,7960.0,4.0,-4.0,0.217
0021800097,1610612739,Cleveland,Cavaliers,1629012,Collin,Sexton,11260.0,14400.0,4.0,1.0,0.333
0021800097,1610612739,Cleveland,Cavaliers,1629012,Collin,Sexton,18490.0,24310.0,5.0,4.0,0.172
0021800097,1610612739,Cleveland,Cavaliers,1629012,Collin,Sexton,27180.0,28800.0,4.0,-3.0,0.222
0021800036,1610612739,Cleveland,Cavaliers,201567,Kevin,Love,0.0,6220.0,10.0,11.0,0.269
0021800036,1610612739,Cleveland,Cavaliers,201567,Kevin,Love,9560.0,20250.0,6.0,-18.0,0.262
0021800036,1610612739,Cleveland,Cavaliers,201567,Kevin,Love,23550.0,26750.0,0.0,-6.0,0.294
0021800036,1610612739,Cleveland,Cavaliers,201588,George,Hill,0.0,4580.0,4.0,15.0,0.158
0021800036,1610612739,Cleveland,Cavaliers,201588,George,Hill,8440.0,13390.0,4.0,-12.0,0.143
0021800036,1610612739,Cleveland,Cavaliers,201588,George,Hill,14400.0,17780.0,0.0,0.0,0.077
0021800036,1610612739,Cleveland,Cavaliers,201588,George,Hill,24050.0,27670.0,8.0,1.0,0.158
0021800036,1610612739,Cleveland,Cavaliers,202684,Tristan,Thompson,0.0,4580.0,6.0,15.0,0.158
0021800036,1610612739,Cleveland,Cavaliers,202684,Tristan,Thompson,9560.0,12800.0,3.0,-10.0,0.214
0021800036,1610612739,Cleveland,Cavaliers,202684,Tristan,Thompson,14400.0,20250.0,2.0,-4.0,0.091
0021800036,1610612739,Cleveland,Cavaliers,202684,Tristan,Thompson,24050.0,26750.0,0.0,-1.0,0.0
0021800036,1610612739,Cleveland,Cavaliers,203903,Jordan,Clarkson,4580.0,9560.0,10.0,-5.0,0.227
0021800036,1610612739,Cleveland,Cavaliers,203903,Jordan,Clarkson,13390.0,14400.0,1.0,-2.0,0.2
0021800036,1610612739,Cleveland,Cavaliers,203903,Jordan,Clarkson,19090.0,25790.0,8.0,-12.0,0.258
0021800036,1610612739,Cleveland,Cavaliers,203903,Jordan,Clarkson,27670.0,28800.0,0.0,-6.0,0.0
0021800036,1610612739,Cleveland,Cavaliers,203918,Rodney,Hood,0.0,3480.0,0.0,6.0,0.2
0021800036,1610612739,Cleveland,Cavaliers,203918,Rodney,Hood,5440.0,10740.0,0.0,1.0,0.13
0021800036,1610612739,Cleveland,Cavaliers,203918,Rodney,Hood,13030.0,20250.0,13.0,-7.0,0.259
0021800036,1610612739,Cleveland,Cavaliers,1626155,Sam,Dekker,6220.0,9560.0,7.0,-1.0,0.2
0021800036,1610612739,Cleveland,Cavaliers,1626155,Sam,Dekker,20250.0,23550.0,0.0,-4.0,0.077
0021800036,1610612739,Cleveland,Cavaliers,1626155,Sam,Dekker,26750.0,28800.0,0.0,-4.0,0.182
0021800036,1610612739,Cleveland,Cavaliers,1626204,Larry,Nance Jr.,4580.0,9560.0,5.0,-5.0,0.227
0021800036,1610612739,Cleveland,Cavaliers,1626204,Larry,Nance Jr.,12800.0,14400.0,0.0,-4.0,0.0
0021800036,1610612739,Cleveland,Cavaliers,1626204,Larry,Nance Jr.,20250.0,24050.0,4.0,-9.0,0.235
0021800036,1610612739,Cleveland,Cavaliers,1626224,Cedi,Osman,0.0,5440.0,2.0,8.0,0.217
0021800036,1610612739,Cleveland,Cavaliers,1626224,Cedi,Osman,9560.0,19090.0,2.0,-16.0,0.237
0021800036,1610612739,Cleveland,Cavaliers,1626224,Cedi,Osman,20250.0,28800.0,8.0,-14.0,0.146
0021800036,1610612739,Cleveland,Cavaliers,1627790,Ante,Zizic,26750.0,28800.0,4.0,-4.0,0.545
0021800036,1610612739,Cleveland,Cavaliers,1629012,Collin,Sexton,3480.0,8440.0,2.0,4.0,0.136
0021800036,1610612739,Cleveland,Cavaliers,1629012,Collin,Sexton,10740.0,13030.0,0.0,-10.0,0.182
0021800036,1610612739,Cleveland,Cavaliers,1629012,Collin,Sexton,17780.0,24050.0,2.0,-13.0,0.231
0021800036,1610612739,Cleveland,Cavaliers,1629012,Collin,Sexton,25790.0,28800.0,0.0,-4.0,0.143
0021801108,1610612739,Cleveland,Cavaliers,201567,Kevin,Love,0.0,4510.0,0.0,-6.0,0.4
0021801108,1610612739,Cleveland,Cavaliers,201567,Kevin,Love,10310.0,18550.0,4.0,-6.0,0.222
0021801108,1610612739,Cleveland,Cavaliers,201567,Kevin,Love,24040.0,28800.0,6.0,-6.0,0.3
0021801108,1610612739,Cleveland,Cavaliers,202684,Tristan,Thompson,0.0,4510.0,3.0,-6.0,0.2
0021801108,1610612739,Cleveland,Cavaliers,202684,Tristan,Thompson,9470.0,12480.0,4.0,5.0,0.25
0021801108,1610612739,Cleveland,Cavaliers,202684,Tristan,Thompson,14400.0,17770.0,0.0,-4.0,0.0
0021801108,1610612739,Cleveland,Cavaliers,202688,Brandon,Knight,0.0,3670.0,2.0,-1.0,0.059
0021801108,1610612739,Cleveland,Cavaliers,202688,Brandon,Knight,5960.0,9470.0,3.0,-5.0,0.214
0021801108,1610612739,Cleveland,Cavaliers,202688,Brandon,Knight,14400.0,16870.0,0.0,-4.0,0.375
0021801108,1610612739,Cleveland,Cavaliers,203903,Jordan,Clarkson,3670.0,10310.0,8.0,-2.0,0.28
0021801108,1610612739,Cleveland,Cavaliers,203903,Jordan,Clarkson,16870.0,26070.0,8.0,4.0,0.219
0021801108,1610612739,Cleveland,Cavaliers,203903,Jordan,Clarkson,26700.0,28800.0,2.0,0.0,0.3
0021801108,1610612739,Cleveland,Cavaliers,203917,Nik,Stauskas,10310.0,14400.0,5.0,-3.0,0.143
0021801108,1610612739,Cleveland,Cavaliers,203917,Nik,Stauskas,26070.0,28800.0,0.0,-4.0,0.0
0021801108,1610612739,Cleveland,Cavaliers,1626204,Larry,Nance Jr.,4510.0,10310.0,2.0,3.0,0.091
0021801108,1610612739,Cleveland,Cavaliers,1626204,Larry,Nance Jr.,12480.0,14400.0,0.0,-2.0,0.167
0021801108,1610612739,Cleveland,Cavaliers,1626204,Larry,Nance Jr.,17770.0,28800.0,11.0,0.0,0.244
0021801108,1610612739,Cleveland,Cavaliers,1626224,Cedi,Osman,0.0,6240.0,7.0,-4.0,0.154
0021801108,1610612739,Cleveland,Cavaliers,1626224,Cedi,Osman,9470.0,20070.0,8.0,0.0,0.143
0021801108,1610612739,Cleveland,Cavaliers,1626224,Cedi,Osman,24240.0,28800.0,0.0,-6.0,0.0
0021801108,1610612739,Cleveland,Cavaliers,1627737,Marquese,Chriss,6240.0,9470.0,2.0,-5.0,0.231
0021801108,1610612739,Cleveland,Cavaliers,1627737,Marquese,Chriss,20070.0,24040.0,5.0,5.0,0.286
0021801108,1610612739,Cleveland,Cavaliers,1628021,David,Nwaba,4510.0,9470.0,0.0,-3.0,0.053
0021801108,1610612739,Cleveland,Cavaliers,1628021,David,Nwaba,18550.0,24240.0,2.0,5.0,0.048
0021801108,1610612739,Cleveland,Cavaliers,1629012,Collin,Sexton,0.0,5960.0,4.0,-4.0,0.16
0021801108,1610612739,Cleveland,Cavaliers,1629012,Collin,Sexton,9470.0,26700.0,20.0,-1.0,0.283
0021800707,1610612739,Cleveland,Cavaliers,101112,Channing,Frye,4900.0,8560.0,2.0,3.0,0.188
0021800707,1610612739,Cleveland,Cavaliers,101112,Channing,Frye,18760.0,24360.0,0.0,-1.0,0.095
0021800707,1610612739,Cleveland,Cavaliers,202692,Alec,Burks,0.0,4670.0,0.0,0.0,0.118
0021800707,1610612739,Cleveland,Cavaliers,202692,Alec,Burks,9440.0,12340.0,0.0,-9.0,0.1
0021800707,1610612739,Cleveland,Cavaliers,202692,Alec,Burks,14400.0,20120.0,10.0,2.0,0.308
0021800707,1610612739,Cleveland,Cavaliers,202692,Alec,Burks,25130.0,27170.0,0.0,-2.0,0.083
0021800707,1610612739,Cleveland,Cavaliers,203521,Matthew,Dellavedova,4670.0,9080.0,2.0,3.0,0.211
0021800707,1610612739,Cleveland,Cavaliers,203521,Matthew,Dellavedova,19280.0,24920.0,5.0,2.0,0.095
0021800707,1610612739,Cleveland,Cavaliers,203903,Jordan,Clarkson,3850.0,9440.0,8.0,-2.0,0.261
0021800707,1610612739,Cleveland,Cavaliers,203903,Jordan,Clarkson,12340.0,14400.0,0.0,-4.0,0.0
0021800707,1610612739,Cleveland,Cavaliers,203903,Jordan,Clarkson,18560.0,24360.0,6.0,-1.0,0.364
0021800707,1610612739,Cleveland,Cavaliers,203918,Rodney,Hood,0.0,3850.0,0.0,0.0,0.133
0021800707,1610612739,Cleveland,Cavaliers,203918,Rodney,Hood,9440.0,12850.0,3.0,-11.0,0.231
0021800707,1610612739,Cleveland,Cavaliers,203918,Rodney,Hood,14400.0,18560.0,0.0,0.0,0.158
0021800707,1610612739,Cleveland,Cavaliers,203918,Rodney,Hood,24360.0,27170.0,0.0,-1.0,0.067
0021800707,1610612739,Cleveland,Cavaliers,1626166,Cameron,Payne,4670.0,9440.0,0.0,-2.0,0.048
0021800707,1610612739,Cleveland,Cavaliers,1626166,Cameron,Payne,20970.0,25130.0,2.0,-3.0,0.214
0021800707,1610612739,Cleveland,Cavaliers,1626224,Cedi,Osman,0.0,5230.0,5.0,-2.0,0.1
0021800707,1610612739,Cleveland,Cavaliers,1626224,Cedi,Osman,12340.0,20970.0,12.0,-1.0,0.205
0021800707,1610612739,Cleveland,Cavaliers,1626224,Cedi,Osman,22760.0,28800.0,8.0,-1.0,0.222
0021800707,1610612739,Cleveland,Cavaliers,1627790,Ante,Zizic,0.0,4900.0,6.0,0.0,0.278
0021800707,1610612739,Cleveland,Cavaliers,1627790,Ante,Zizic,8560.0,18760.0,11.0,-18.0,0.302
0021800707,1610612739,Cleveland,Cavaliers,1627790,Ante,Zizic,24360.0,28800.0,2.0,-4.0,0.238
0021800707,1610612739,Cleveland,Cavaliers,1628417,Jaron,Blossomgame,5230.0,12340.0,5.0,-9.0,0.111
0021800707,1610612739,Cleveland,Cavaliers,1628417,Jaron,Blossomgame,12850.0,14400.0,0.0,-2.0,0.25
0021800707,1610612739,Cleveland,Cavaliers,1628417,Jaron,Blossomgame,20120.0,22760.0,0.0,-6.0,0.125
0021800707,1610612739,Cleveland,Cavaliers,1628417,Jaron,Blossomgame,27170.0,28800.0,0.0,-3.0,0.0
0021800707,1610612739,Cleveland,Cavaliers,1629012,Collin,Sexton,0.0,4670.0,6.0,0.0,0.353
0021800707,1610612739,Cleveland,Cavaliers,1629012,Collin,Sexton,9080.0,19280.0,3.0,-20.0,0.182
0021800707,1610612739,Cleveland,Cavaliers,1629012,Collin,Sexton,24920.0,28800.0,7.0,-5.0,0.389
0021800707,1610612739,Cleveland,Cavaliers,1629061,Deng,Adel,27170.0,28800.0,0.0,-3.0,0.0
0021800797,1610612739,Cleveland,Cavaliers,202692,Alec,Burks,0.0,5660.0,5.0,2.0,0.261
0021800797,1610612739,Cleveland,Cavaliers,202692,Alec,Burks,8720.0,19410.0,11.0,-4.0,0.273
0021800797,1610612739,Cleveland,Cavaliers,202692,Alec,Burks,22760.0,28800.0,5.0,-1.0,0.182
0021800797,1610612739,Cleveland,Cavaliers,203521,Matthew,Dellavedova,5660.0,9660.0,0.0,-2.0,0.133
0021800797,1610612739,Cleveland,Cavaliers,203521,Matthew,Dellavedova,19410.0,25550.0,8.0,-3.0,0.375
0021800797,1610612739,Cleveland,Cavaliers,203903,Jordan,Clarkson,3370.0,10120.0,4.0,-7.0,0.192
0021800797,1610612739,Cleveland,Cavaliers,203903,Jordan,Clarkson,17170.0,26400.0,3.0,-7.0,0.263
0021800797,1610612739,Cleveland,Cavaliers,1626204,Larry,Nance Jr.,2870.0,10120.0,5.0,-7.0,0.241
0021800797,1610612739,Cleveland,Cavaliers,1626204,Larry,Nance Jr.,18490.0,28800.0,6.0,-7.0,0.073
0021800797,1610612739,Cleveland,Cavaliers,1627790,Ante,Zizic,0.0,2870.0,4.0,3.0,0.333
0021800797,1610612739,Cleveland,Cavaliers,1627790,Ante,Zizic,10120.0,18490.0,4.0,4.0,0.094
0021800797,1610612739,Cleveland,Cavaliers,1627790,Ante,Zizic,26400.0,28800.0,0.0,3.0,0.111
0021800797,1610612739,Cleveland,Cavaliers,1628021,David,Nwaba,0.0,3370.0,4.0,3.0,0.333
0021800797,1610612739,Cleveland,Cavaliers,1628021,David,Nwaba,10120.0,17170.0,4.0,1.0,0.111
0021800797,1610612739,Cleveland,Cavaliers,1628021,David,Nwaba,25550.0,28800.0,0.0,-2.0,0.077
0021800797,1610612739,Cleveland,Cavaliers,1628417,Jaron,Blossomgame,5660.0,9350.0,2.0,-2.0,0.214
0021800797,1610612739,Cleveland,Cavaliers,1628417,Jaron,Blossomgame,18670.0,25550.0,2.0,-5.0,0.071
0021800797,1610612739,Cleveland,Cavaliers,1629012,Collin,Sexton,0.0,8720.0,12.0,2.0,0.176
0021800797,1610612739,Cleveland,Cavaliers,1629012,Collin,Sexton,9660.0,22760.0,15.0,-6.0,0.315
0021800797,1610612739,Cleveland,Cavaliers,1629012,Collin,Sexton,25550.0,28800.0,0.0,-2.0,0.308
0021800797,1610612739,Cleveland,Cavaliers,1629061,Deng,Adel,0.0,5660.0,0.0,2.0,0.043
0021800797,1610612739,Cleveland,Cavaliers,1629061,Deng,Adel,9350.0,18670.0,2.0,0.0,0.079
0021800319,1610612739,Cleveland,Cavaliers,101112,Channing,Frye,24550.0,28800.0,0.0,-4.0,0.133
0021800319,1610612739,Cleveland,Cavaliers,202684,Tristan,Thompson,0.0,6500.0,7.0,-3.0,0.16
0021800319,1610612739,Cleveland,Cavaliers,202684,Tristan,Thompson,9700.0,20020.0,6.0,-23.0,0.2
0021800319,1610612739,Cleveland,Cavaliers,202692,Alec,Burks,4330.0,9700.0,5.0,9.0,0.167
0021800319,1610612739,Cleveland,Cavaliers,202692,Alec,Burks,14051.0,14400.0,3.0,0.0,0.333
0021800319,1610612739,Cleveland,Cavaliers,202692,Alec,Burks,18660.0,28800.0,7.0,-12.0,0.263
0021800319,1610612739,Cleveland,Cavaliers,203903,Jordan,Clarkson,4330.0,10880.0,10.0,7.0,0.409
0021800319,1610612739,Cleveland,Cavaliers,203903,Jordan,Clarkson,13370.0,14400.0,1.0,-2.0,0.4
0021800319,1610612739,Cleveland,Cavaliers,203903,Jordan,Clarkson,17880.0,23340.0,5.0,-11.0,0.286
0021800319,1610612739,Cleveland,Cavaliers,203918,Rodney,Hood,0.0,4330.0,3.0,-8.0,0.222
0021800319,1610612739,Cleveland,Cavaliers,203918,Rodney,Hood,9700.0,14051.0,3.0,-11.0,0.2
0021800319,1610612739,Cleveland,Cavaliers,203918,Rodney,Hood,14400.0,18660.0,4.0,-11.0,0.214
0021800319,1610612739,Cleveland,Cavaliers,1626150,Andrew,Harrison,5290.0,9870.0,3.0,8.0,0.143
0021800319,1610612739,Cleveland,Cavaliers,1626150,Andrew,Harrison,20020.0,25330.0,4.0,-3.0,0.2
0021800319,1610612739,Cleveland,Cavaliers,1626204,Larry,Nance Jr.,0.0,4330.0,3.0,-8.0,0.056
0021800319,1610612739,Cleveland,Cavaliers,1626204,Larry,Nance Jr.,6500.0,17880.0,1.0,-15.0,0.07
0021800319,1610612739,Cleveland,Cavaliers,1626204,Larry,Nance Jr.,21600.0,24550.0,3.0,0.0,0.1
0021800319,1610612739,Cleveland,Cavaliers,1626224,Cedi,Osman,0.0,6500.0,2.0,-3.0,0.2
0021800319,1610612739,Cleveland,Cavaliers,1626224,Cedi,Osman,10880.0,21600.0,5.0,-28.0,0.093
0021800319,1610612739,Cleveland,Cavaliers,1626224,Cedi,Osman,25330.0,28800.0,0.0,-8.0,0.0
0021800319,1610612739,Cleveland,Cavaliers,1627790,Ante,Zizic,6500.0,9700.0,1.0,4.0,0.1
0021800319,1610612739,Cleveland,Cavaliers,1627790,Ante,Zizic,20020.0,28800.0,4.0,-11.0,0.182
0021800319,1610612739,Cleveland,Cavaliers,1629012,Collin,Sexton,0.0,5290.0,5.0,-6.0,0.333
0021800319,1610612739,Cleveland,Cavaliers,1629012,Collin,Sexton,9870.0,13370.0,0.0,-10.0,0.25
0021800319,1610612739,Cleveland,Cavaliers,1629012,Collin,Sexton,14400.0,20020.0,6.0,-12.0,0.389
0021800319,1610612739,Cleveland,Cavaliers,1629012,Collin,Sexton,23340.0,28800.0,4.0,-4.0,0.211
0021800451,1610612739,Cleveland,Cavaliers,101112,Channing,Frye,9330.0,10620.0,2.0,-7.0,0.5
0021800451,1610612739,Cleveland,Cavaliers,101112,Channing,Frye,13000.0,14400.0,0.0,-1.0,0.25
0021800451,1610612739,Cleveland,Cavaliers,101112,Channing,Frye,20220.0,21173.0,0.0,2.0,0.0
0021800451,1610612739,Cleveland,Cavaliers,202692,Alec,Burks,3690.0,11530.0,9.0,3.0,0.267
0021800451,1610612739,Cleveland,Cavaliers,202692,Alec,Burks,17070.0,21600.0,3.0,0.0,0.211
0021800451,1610612739,Cleveland,Cavaliers,202692,Alec,Burks,25340.0,28800.0,2.0,5.0,0.235
0021800451,1610612739,Cleveland,Cavaliers,203521,Matthew,Dellavedova,5470.0,9330.0,5.0,11.0,0.313
0021800451,1610612739,Cleveland,Cavaliers,203521,Matthew,Dellavedova,18670.0,24140.0,5.0,7.0,0.222
0021800451,1610612739,Cleveland,Cavaliers,203918,Rodney,Hood,0.0,5470.0,0.0,-6.0,0.105
0021800451,1610612739,Cleveland,Cavaliers,203918,Rodney,Hood,10170.0,18670.0,7.0,-8.0,0.161
0021800451,1610612739,Cleveland,Cavaliers,203918,Rodney,Hood,21600.0,28800.0,10.0,2.0,0.286
0021800451,1610612739,Cleveland,Cavaliers,1626204,Larry,Nance Jr.,0.0,7200.0,5.0,2.0,0.269
0021800451,1610612739,Cleveland,Cavaliers,1626204,Larry,Nance Jr.,10620.0,13000.0,0.0,4.0,0.0
0021800451,1610612739,Cleveland,Cavaliers,1626204,Larry,Nance Jr.,14400.0,20220.0,6.0,-6.0,0.261
0021800451,1610612739,Cleveland,Cavaliers,1626204,Larry,Nance Jr.,24140.0,28800.0,4.0,1.0,0.143
0021800451,1610612739,Cleveland,Cavaliers,1626224,Cedi,Osman,0.0,5470.0,2.0,-6.0,0.158
0021800451,1610612739,Cleveland,Cavaliers,1626224,Cedi,Osman,7200.0,10170.0,4.0,-1.0,0.273
0021800451,1610612739,Cleveland,Cavaliers,1626224,Cedi,Osman,11530.0,19670.0,5.0,-4.0,0.194
0021800451,1610612739,Cleveland,Cavaliers,1626224,Cedi,Osman,21173.0,28800.0,2.0,4.0,0.103
0021800451,1610612739,Cleveland,Cavaliers,1627790,Ante,Zizic,5470.0,9330.0,0.0,11.0,0.188
0021800451,1610612739,Cleveland,Cavaliers,1627790,Ante,Zizic,19670.0,24140.0,2.0,5.0,0.077
0021800451,1610612739,Cleveland,Cavaliers,1627790,Ante,Zizic,28705.0,28711.0,0.0,0.0,0.0
0021800451,1610612739,Cleveland,Cavaliers,1628021,David,Nwaba,0.0,3690.0,0.0,-4.0,0.167
0021800451,1610612739,Cleveland,Cavaliers,1628021,David,Nwaba,10170.0,12050.0,0.0,-2.0,0.0
0021800451,1610612739,Cleveland,Cavaliers,1628021,David,Nwaba,14400.0,17070.0,0.0,-2.0,0.222
0021800451,1610612739,Cleveland,Cavaliers,1628417,Jaron,Blossomgame,5470.0,10170.0,0.0,7.0,0.0
0021800451,1610612739,Cleveland,Cavaliers,1628417,Jaron,Blossomgame,12050.0,14400.0,2.0,2.0,0.25
0021800451,1610612739,Cleveland,Cavaliers,1628417,Jaron,Blossomgame,18670.0,25340.0,5.0,3.0,0.227
0021800451,1610612739,Cleveland,Cavaliers,1629012,Collin,Sexton,0.0,5470.0,6.0,-6.0,0.211
0021800451,1610612739,Cleveland,Cavaliers,1629012,Collin,Sexton,9330.0,18670.0,4.0,-12.0,0.212
0021800451,1610612739,Cleveland,Cavaliers,1629012,Collin,Sexton,24140.0,28705.0,2.0,-1.0,0.211
0021800451,1610612739,Cleveland,Cavaliers,1629012,Collin,Sexton,28711.0,28800.0,0.0,2.0,0.0
0021800839,1610612739,Cleveland,Cavaliers,101112,Channing,Frye,6650.0,7200.0,0.0,0.0,0.0
0021800839,1610612739,Cleveland,Cavaliers,201567,Kevin,Love,0.0,4120.0,9.0,5.0,0.35
0021800839,1610612739,Cleveland,Cavaliers,201567,Kevin,Love,4750.0,6650.0,3.0,2.0,0.375
0021800839,1610612739,Cleveland,Cavaliers,201567,Kevin,Love,10990.0,14400.0,2.0,6.0,0.333
0021800839,1610612739,Cleveland,Cavaliers,202688,Brandon,Knight,0.0,3040.0,3.0,1.0,0.125
0021800839,1610612739,Cleveland,Cavaliers,202688,Brandon,Knight,10990.0,17690.0,6.0,-1.0,0.172
0021800839,1610612739,Cleveland,Cavaliers,203521,Matthew,Dellavedova,5350.0,10990.0,8.0,2.0,0.238
0021800839,1610612739,Cleveland,Cavaliers,203521,Matthew,Dellavedova,18520.0,28800.0,4.0,-3.0,0.159
0021800839,1610612739,Cleveland,Cavaliers,203903,Jordan,Clarkson,3040.0,8720.0,4.0,3.0,0.348
0021800839,1610612739,Cleveland,Cavaliers,203903,Jordan,Clarkson,17690.0,28800.0,11.0,-5.0,0.234
0021800839,1610612739,Cleveland,Cavaliers,203917,Nik,Stauskas,4310.0,9980.0,0.0,-1.0,0.182
0021800839,1610612739,Cleveland,Cavaliers,203917,Nik,Stauskas,14400.0,18520.0,3.0,-9.0,0.294
0021800839,1610612739,Cleveland,Cavaliers,203917,Nik,Stauskas,21600.0,23830.0,0.0,-6.0,0.222
0021800839,1610612739,Cleveland,Cavaliers,1626204,Larry,Nance Jr.,0.0,4750.0,0.0,6.0,0.045
0021800839,1610612739,Cleveland,Cavaliers,1626204,Larry,Nance Jr.,9980.0,13700.0,2.0,6.0,0.133
0021800839,1610612739,Cleveland,Cavaliers,1626204,Larry,Nance Jr.,14400.0,21600.0,11.0,-5.0,0.212
0021800839,1610612739,Cleveland,Cavaliers,1626204,Larry,Nance Jr.,23830.0,28800.0,2.0,-1.0,0.158
0021800839,1610612739,Cleveland,Cavaliers,1627737,Marquese,Chriss,4120.0,9980.0,9.0,2.0,0.208
0021800839,1610612739,Cleveland,Cavaliers,1627737,Marquese,Chriss,13700.0,14400.0,3.0,2.0,0.333
0021800839,1610612739,Cleveland,Cavaliers,1627737,Marquese,Chriss,18850.0,25750.0,2.0,0.0,0.121
0021800839,1610612739,Cleveland,Cavaliers,1628021,David,Nwaba,0.0,4310.0,0.0,8.0,0.095
0021800839,1610612739,Cleveland,Cavaliers,1628021,David,Nwaba,7200.0,10990.0,3.0,1.0,0.077
0021800839,1610612739,Cleveland,Cavaliers,1628021,David,Nwaba,12590.0,18850.0,0.0,-3.0,0.115
0021800839,1610612739,Cleveland,Cavaliers,1628021,David,Nwaba,21600.0,23830.0,2.0,-6.0,0.333
0021800839,1610612739,Cleveland,Cavaliers,1628021,David,Nwaba,25750.0,28800.0,0.0,-3.0,0.091
0021800839,1610612739,Cleveland,Cavaliers,1629012,Collin,Sexton,0.0,5350.0,4.0,7.0,0.28
0021800839,1610612739,Cleveland,Cavaliers,1629012,Collin,Sexton,8720.0,21600.0,11.0,6.0,0.214
0021800839,1610612739,Cleveland,Cavaliers,1629012,Collin,Sexton,23830.0,28800.0,5.0,-1.0,0.263
0021800839,1610612739,Cleveland,Cavaliers,1629061,Deng,Adel,9980.0,12590.0,0.0,2.0,0.0
0021800381,1610612739,Cleveland,Cavaliers,202684,Tristan,Thompson,0.0,4390.0,6.0,-2.0,0.267
0021800381,1610612739,Cleveland,Cavaliers,202684,Tristan,Thompson,7200.0,20650.0,15.0,10.0,0.241
0021800381,1610612739,Cleveland,Cavaliers,202684,Tristan,Thompson,21600.0,28800.0,2.0,-6.0,0.095
0021800381,1610612739,Cleveland,Cavaliers,202692,Alec,Burks,0.0,4390.0,4.0,-2.0,0.133
0021800381,1610612739,Cleveland,Cavaliers,202692,Alec,Burks,7200.0,8910.0,0.0,4.0,0.143
0021800381,1610612739,Cleveland,Cavaliers,202692,Alec,Burks,11200.0,18450.0,4.0,4.0,0.258
0021800381,1610612739,Cleveland,Cavaliers,202692,Alec,Burks,21600.0,28800.0,6.0,-6.0,0.095
0021800381,1610612739,Cleveland,Cavaliers,203903,Jordan,Clarkson,3850.0,11200.0,7.0,25.0,0.233
0021800381,1610612739,Cleveland,Cavaliers,203903,Jordan,Clarkson,12730.0,14400.0,0.0,-3.0,0.0
0021800381,1610612739,Cleveland,Cavaliers,203903,Jordan,Clarkson,18450.0,23020.0,0.0,1.0,0.176
0021800381,1610612739,Cleveland,Cavaliers,1626204,Larry,Nance Jr.,4390.0,10930.0,2.0,24.0,0.074
0021800381,1610612739,Cleveland,Cavaliers,1626204,Larry,Nance Jr.,18960.0,28800.0,11.0,-9.0,0.242
0021800381,1610612739,Cleveland,Cavaliers,1626224,Cedi,Osman,0.0,7200.0,4.0,13.0,0.148
0021800381,1610612739,Cleveland,Cavaliers,1626224,Cedi,Osman,10930.0,21600.0,6.0,-1.0,0.136
0021800381,1610612739,Cleveland,Cavaliers,1626224,Cedi,Osman,23020.0,28800.0,2.0,-12.0,0.176
0021800381,1610612739,Cleveland,Cavaliers,1627883,Jalen,Jones,4390.0,8910.0,6.0,19.0,0.105
0021800381,1610612739,Cleveland,Cavaliers,1627883,Jalen,Jones,20650.0,24620.0,6.0,-1.0,0.154
0021800381,1610612739,Cleveland,Cavaliers,1628417,Jaron,Blossomgame,0.0,3850.0,0.0,-3.0,0.143
0021800381,1610612739,Cleveland,Cavaliers,1628417,Jaron,Blossomgame,8910.0,12730.0,2.0,2.0,0.067
0021800381,1610612739,Cleveland,Cavaliers,1628417,Jaron,Blossomgame,14400.0,18960.0,4.0,8.0,0.111
0021800381,1610612739,Cleveland,Cavaliers,1629012,Collin,Sexton,0.0,7200.0,11.0,13.0,0.259
0021800381,1610612739,Cleveland,Cavaliers,1629012,Collin,Sexton,8910.0,21600.0,14.0,4.0,0.288
0021800381,1610612739,Cleveland,Cavaliers,1629012,Collin,Sexton,24620.0,28800.0,4.0,-7.0,0.385
0021801191,1610612739,Cleveland,Cavaliers,202684,Tristan,Thompson,0.0,3700.0,4.0,-8.0,0.25
0021801191,1610612739,Cleveland,Cavaliers,202684,Tristan,Thompson,11180.0,18640.0,8.0,-6.0,0.25
0021801191,1610612739,Cleveland,Cavaliers,202684,Tristan,Thompson,27170.0,28800.0,0.0,-3.0,0.0
0021801191,1610612739,Cleveland,Cavaliers,202688,Brandon,Knight,0.0,3370.0,0.0,-8.0,0.071
0021801191,1610612739,Cleveland,Cavaliers,202688,Brandon,Knight,6170.0,11910.0,4.0,-4.0,0.167
0021801191,1610612739,Cleveland,Cavaliers,202688,Brandon,Knight,14400.0,18260.0,2.0,2.0,0.143
0021801191,1610612739,Cleveland,Cavaliers,202688,Brandon,Knight,20030.0,26040.0,0.0,8.0,0.125
0021801191,1610612739,Cleveland,Cavaliers,203903,Jordan,Clarkson,3370.0,11180.0,4.0,-2.0,0.25
0021801191,1610612739,Cleveland,Cavaliers,203903,Jordan,Clarkson,11910.0,14357.0,0.0,-3.0,0.083
0021801191,1610612739,Cleveland,Cavaliers,203903,Jordan,Clarkson,18260.0,24680.0,6.0,1.0,0.148
0021801191,1610612739,Cleveland,Cavaliers,203903,Jordan,Clarkson,26040.0,28800.0,0.0,4.0,0.167
0021801191,1610612739,Cleveland,Cavaliers,203917,Nik,Stauskas,6170.0,9330.0,4.0,-4.0,0.133
0021801191,1610612739,Cleveland,Cavaliers,203917,Nik,Stauskas,20560.0,24680.0,0.0,-1.0,0.176
0021801191,1610612739,Cleveland,Cavaliers,1626204,Larry,Nance Jr.,0.0,4600.0,0.0,-11.0,0.105
0021801191,1610612739,Cleveland,Cavaliers,1626204,Larry,Nance Jr.,9330.0,20030.0,6.0,-5.0,0.159
0021801191,1610612739,Cleveland,Cavaliers,1626204,Larry,Nance Jr.,24680.0,28800.0,7.0,10.0,0.176
0021801191,1610612739,Cleveland,Cavaliers,1626224,Cedi,Osman,0.0,6170.0,7.0,-9.0,0.2
0021801191,1610612739,Cleveland,Cavaliers,1626224,Cedi,Osman,11180.0,20560.0,8.0,-5.0,0.146
0021801191,1610612739,Cleveland,Cavaliers,1626224,Cedi,Osman,24680.0,28800.0,0.0,10.0,0.118
0021801191,1610612739,Cleveland,Cavaliers,1627737,Marquese,Chriss,7720.0,11180.0,2.0,2.0,0.231
0021801191,1610612739,Cleveland,Cavaliers,1627790,Ante,Zizic,3700.0,7720.0,8.0,-4.0,0.278
0021801191,1610612739,Cleveland,Cavaliers,1627790,Ante,Zizic,18640.0,24680.0,4.0,0.0,0.2
0021801191,1610612739,Cleveland,Cavaliers,1628021,David,Nwaba,4600.0,11180.0,4.0,1.0,0.148
0021801191,1610612739,Cleveland,Cavaliers,1628021,David,Nwaba,14357.0,14400.0,0.0,-3.0,0.0
0021801191,1610612739,Cleveland,Cavaliers,1628021,David,Nwaba,20030.0,27170.0,9.0,15.0,0.172
0021801191,1610612739,Cleveland,Cavaliers,1629012,Collin,Sexton,0.0,6170.0,3.0,-9.0,0.2
0021801191,1610612739,Cleveland,Cavaliers,1629012,Collin,Sexton,11180.0,20030.0,15.0,-8.0,0.289
0021801191,1610612739,Cleveland,Cavaliers,1629012,Collin,Sexton,24680.0,28800.0,9.0,10.0,0.412
0021800924,1610612739,Cleveland,Cavaliers,201567,Kevin,Love,0.0,4100.0,0.0,-3.0,0.176
0021800924,1610612739,Cleveland,Cavaliers,201567,Kevin,Love,8510.0,12800.0,13.0,5.0,0.353
0021800924,1610612739,Cleveland,Cavaliers,201567,Kevin,Love,14400.0,18230.0,5.0,1.0,0.308
0021800924,1610612739,Cleveland,Cavaliers,201567,Kevin,Love,24010.0,28800.0,8.0,14.0,0.25
0021800924,1610612739,Cleveland,Cavaliers,202688,Brandon,Knight,0.0,3670.0,4.0,-3.0,0.133
0021800924,1610612739,Cleveland,Cavaliers,202688,Brandon,Knight,10220.0,17980.0,5.0,6.0,0.138
0021800924,1610612739,Cleveland,Cavaliers,203521,Matthew,Dellavedova,5500.0,10220.0,0.0,0.0,0.158
0021800924,1610612739,Cleveland,Cavaliers,203521,Matthew,Dellavedova,19470.0,24630.0,4.0,2.0,0.15
0021800924,1610612739,Cleveland,Cavaliers,203521,Matthew,Dellavedova,28557.0,28565.0,0.0,2.0,0.0
0021800924,1610612739,Cleveland,Cavaliers,203521,Matthew,Dellavedova,28611.0,28617.0,0.0,2.0,0.0
0021800924,1610612739,Cleveland,Cavaliers,203903,Jordan,Clarkson,3670.0,10220.0,8.0,-2.0,0.24
0021800924,1610612739,Cleveland,Cavaliers,203903,Jordan,Clarkson,17980.0,28800.0,14.0,6.0,0.233
0021800924,1610612739,Cleveland,Cavaliers,203917,Nik,Stauskas,21600.0,25630.0,0.0,3.0,0.071
0021800924,1610612739,Cleveland,Cavaliers,1626204,Larry,Nance Jr.,4100.0,9380.0,4.0,-1.0,0.15
0021800924,1610612739,Cleveland,Cavaliers,1626204,Larry,Nance Jr.,18230.0,24630.0,2.0,-5.0,0.16
0021800924,1610612739,Cleveland,Cavaliers,1626224,Cedi,Osman,0.0,5500.0,9.0,-5.0,0.238
0021800924,1610612739,Cleveland,Cavaliers,1626224,Cedi,Osman,10220.0,19470.0,7.0,-3.0,0.176
0021800924,1610612739,Cleveland,Cavaliers,1626224,Cedi,Osman,24630.0,28800.0,5.0,13.0,0.167
0021800924,1610612739,Cleveland,Cavaliers,1627737,Marquese,Chriss,4100.0,8510.0,0.0,-3.0,0.176
0021800924,1610612739,Cleveland,Cavaliers,1627737,Marquese,Chriss,18230.0,21600.0,0.0,-11.0,0.133
0021800924,1610612739,Cleveland,Cavaliers,1627790,Ante,Zizic,0.0,4100.0,1.0,-3.0,0.176
0021800924,1610612739,Cleveland,Cavaliers,1627790,Ante,Zizic,9380.0,18230.0,7.0,3.0,0.182
0021800924,1610612739,Cleveland,Cavaliers,1627790,Ante,Zizic,25630.0,28557.0,0.0,13.0,0.083
0021800924,1610612739,Cleveland,Cavaliers,1628021,David,Nwaba,5500.0,10220.0,2.0,0.0,0.158
0021800924,1610612739,Cleveland,Cavaliers,1628021,David,Nwaba,12800.0,14400.0,0.0,-1.0,0.0
0021800924,1610612739,Cleveland,Cavaliers,1628021,David,Nwaba,19470.0,24010.0,5.0,1.0,0.111
0021800924,1610612739,Cleveland,Cavaliers,1628021,David,Nwaba,28565.0,28611.0,0.0,-1.0,0.0
0021800924,1610612739,Cleveland,Cavaliers,1628021,David,Nwaba,28617.0,28800.0,0.0,0.0,0.0
0021800924,1610612739,Cleveland,Cavaliers,1629012,Collin,Sexton,0.0,5500.0,5.0,-5.0,0.19
0021800924,1610612739,Cleveland,Cavaliers,1629012,Collin,Sexton,10220.0,19470.0,9.0,-3.0,0.265
0021800924,1610612739,Cleveland,Cavaliers,1629012,Collin,Sexton,24630.0,28800.0,8.0,13.0,0.333
0021801037,1610612739,Cleveland,Cavaliers,201567,Kevin,Love,0.0,4370.0,7.0,-1.0,0.294
0021801037,1610612739,Cleveland,Cavaliers,201567,Kevin,Love,8580.0,18670.0,10.0,0.0,0.229
0021801037,1610612739,Cleveland,Cavaliers,201567,Kevin,Love,23790.0,28800.0,5.0,8.0,0.333
0021801037,1610612739,Cleveland,Cavaliers,202688,Brandon,Knight,0.0,3060.0,5.0,-5.0,0.231
0021801037,1610612739,Cleveland,Cavaliers,202688,Brandon,Knight,5310.0,8580.0,0.0,-7.0,0.143
0021801037,1610612739,Cleveland,Cavaliers,202688,Brandon,Knight,14363.0,17740.0,0.0,1.0,0.091
0021801037,1610612739,Cleveland,Cavaliers,202688,Brandon,Knight,21600.0,24080.0,0.0,-1.0,0.1
0021801037,1610612739,Cleveland,Cavaliers,203903,Jordan,Clarkson,3060.0,10400.0,5.0,-13.0,0.222
0021801037,1610612739,Cleveland,Cavaliers,203903,Jordan,Clarkson,11080.0,14002.0,0.0,11.0,0.0
0021801037,1610612739,Cleveland,Cavaliers,203903,Jordan,Clarkson,17740.0,25680.0,12.0,-4.0,0.357
0021801037,1610612739,Cleveland,Cavaliers,203903,Jordan,Clarkson,28757.0,28800.0,0.0,0.0,0.0
0021801037,1610612739,Cleveland,Cavaliers,203917,Nik,Stauskas,6070.0,11080.0,3.0,-11.0,0.278
0021801037,1610612739,Cleveland,Cavaliers,203917,Nik,Stauskas,14002.0,14400.0,0.0,0.0,0.0
0021801037,1610612739,Cleveland,Cavaliers,203917,Nik,Stauskas,21600.0,24080.0,0.0,-1.0,0.1
0021801037,1610612739,Cleveland,Cavaliers,203917,Nik,Stauskas,25680.0,28800.0,0.0,7.0,0.167
0021801037,1610612739,Cleveland,Cavaliers,1626224,Cedi,Osman,0.0,6070.0,3.0,-9.0,0.136
0021801037,1610612739,Cleveland,Cavaliers,1626224,Cedi,Osman,10400.0,21600.0,14.0,6.0,0.231
0021801037,1610612739,Cleveland,Cavaliers,1626224,Cedi,Osman,24080.0,28800.0,5.0,8.0,0.235
0021801037,1610612739,Cleveland,Cavaliers,1627737,Marquese,Chriss,4370.0,8580.0,2.0,-12.0,0.125
0021801037,1610612739,Cleveland,Cavaliers,1627737,Marquese,Chriss,17740.0,23790.0,2.0,-5.0,0.174
0021801037,1610612739,Cleveland,Cavaliers,1627790,Ante,Zizic,0.0,4370.0,3.0,-1.0,0.118
0021801037,1610612739,Cleveland,Cavaliers,1627790,Ante,Zizic,8580.0,17740.0,6.0,5.0,0.156
0021801037,1610612739,Cleveland,Cavaliers,1627790,Ante,Zizic,23790.0,28747.0,2.0,10.0,0.059
0021801037,1610612739,Cleveland,Cavaliers,1627790,Ante,Zizic,28757.0,28757.0,0.0,0.0,0.0
0021801037,1610612739,Cleveland,Cavaliers,1628021,David,Nwaba,4370.0,8580.0,2.0,-12.0,0.125
0021801037,1610612739,Cleveland,Cavaliers,1628021,David,Nwaba,18670.0,23790.0,2.0,0.0,0.1
0021801037,1610612739,Cleveland,Cavaliers,1628021,David,Nwaba,28747.0,28757.0,0.0,-2.0,0.0
0021801037,1610612739,Cleveland,Cavaliers,1629012,Collin,Sexton,0.0,5310.0,3.0,-6.0,0.263
0021801037,1610612739,Cleveland,Cavaliers,1629012,Collin,Sexton,8580.0,14363.0,7.0,4.0,0.19
0021801037,1610612739,Cleveland,Cavaliers,1629012,Collin,Sexton,14400.0,21600.0,12.0,-3.0,0.273
0021801037,1610612739,Cleveland,Cavaliers,1629012,Collin,Sexton,24080.0,28800.0,6.0,8.0,0.176
0021800077,1610612739,Cleveland,Cavaliers,2594,Kyle,Korver,5320.0,10240.0,4.0,-1.0,0.25
0021800077,1610612739,Cleveland,Cavaliers,2594,Kyle,Korver,19690.0,24050.0,0.0,0.0,0.063
0021800077,1610612739,Cleveland,Cavaliers,2747,JR,Smith,5320.0,9040.0,3.0,1.0,0.071
0021800077,1610612739,Cleveland,Cavaliers,201588,George,Hill,0.0,5320.0,6.0,1.0,0.182
0021800077,1610612739,Cleveland,Cavaliers,201588,George,Hill,10240.0,19690.0,7.0,-10.0,0.211
0021800077,1610612739,Cleveland,Cavaliers,201588,George,Hill,25360.0,27730.0,1.0,-4.0,0.125
0021800077,1610612739,Cleveland,Cavaliers,202684,Tristan,Thompson,0.0,5320.0,2.0,1.0,0.091
0021800077,1610612739,Cleveland,Cavaliers,202684,Tristan,Thompson,12050.0,18480.0,4.0,-10.0,0.154
0021800077,1610612739,Cleveland,Cavaliers,202684,Tristan,Thompson,25360.0,26720.0,0.0,-3.0,0.0
0021800077,1610612739,Cleveland,Cavaliers,203903,Jordan,Clarkson,5710.0,10420.0,4.0,-1.0,0.25
0021800077,1610612739,Cleveland,Cavaliers,203903,Jordan,Clarkson,19690.0,26720.0,8.0,-5.0,0.25
0021800077,1610612739,Cleveland,Cavaliers,203918,Rodney,Hood,0.0,3230.0,2.0,-1.0,0.25
0021800077,1610612739,Cleveland,Cavaliers,203918,Rodney,Hood,9040.0,19690.0,11.0,-12.0,0.227
0021800077,1610612739,Cleveland,Cavaliers,203918,Rodney,Hood,24050.0,27730.0,4.0,-6.0,0.25
0021800077,1610612739,Cleveland,Cavaliers,1626155,Sam,Dekker,0.0,5320.0,4.0,1.0,0.136
0021800077,1610612739,Cleveland,Cavaliers,1626155,Sam,Dekker,10420.0,18480.0,2.0,-15.0,0.125
0021800077,1610612739,Cleveland,Cavaliers,1626155,Sam,Dekker,27730.0,28800.0,0.0,4.0,0.0
0021800077,1610612739,Cleveland,Cavaliers,1626204,Larry,Nance Jr.,5320.0,12050.0,6.0,-6.0,0.111
0021800077,1610612739,Cleveland,Cavaliers,1626204,Larry,Nance Jr.,18480.0,25360.0,9.0,3.0,0.25
0021800077,1610612739,Cleveland,Cavaliers,1626224,Cedi,Osman,0.0,5320.0,7.0,1.0,0.318
0021800077,1610612739,Cleveland,Cavaliers,1626224,Cedi,Osman,10240.0,18820.0,3.0,-11.0,0.257
0021800077,1610612739,Cleveland,Cavaliers,1626224,Cedi,Osman,23610.0,28800.0,0.0,-4.0,0.167
0021800077,1610612739,Cleveland,Cavaliers,1627790,Ante,Zizic,26720.0,28800.0,1.0,3.0,0.111
0021800077,1610612739,Cleveland,Cavaliers,1628021,David,Nwaba,3230.0,5710.0,3.0,2.0,0.273
0021800077,1610612739,Cleveland,Cavaliers,1628021,David,Nwaba,18480.0,23610.0,2.0,7.0,0.105
0021800077,1610612739,Cleveland,Cavaliers,1628021,David,Nwaba,27730.0,28800.0,2.0,4.0,0.2
0021800077,1610612739,Cleveland,Cavaliers,1629012,Collin,Sexton,5320.0,10240.0,2.0,-1.0,0.25
0021800077,1610612739,Cleveland,Cavaliers,1629012,Collin,Sexton,18820.0,25360.0,4.0,-1.0,0.182
0021800077,1610612739,Cleveland,Cavaliers,1629012,Collin,Sexton,26720.0,28800.0,6.0,3.0,0.556
0021801129,1610612739,Cleveland,Cavaliers,201567,Kevin,Love,0.0,5260.0,10.0,0.0,0.263
0021801129,1610612739,Cleveland,Cavaliers,201567,Kevin,Love,9390.0,20320.0,6.0,-8.0,0.225
0021801129,1610612739,Cleveland,Cavaliers,201567,Kevin,Love,24250.0,28800.0,2.0,-5.0,0.1
0021801129,1610612739,Cleveland,Cavaliers,202684,Tristan,Thompson,0.0,3970.0,0.0,3.0,0.143
0021801129,1610612739,Cleveland,Cavaliers,202684,Tristan,Thompson,8600.0,12780.0,0.0,7.0,0.067
0021801129,1610612739,Cleveland,Cavaliers,202684,Tristan,Thompson,14400.0,19160.0,4.0,-14.0,0.188
0021801129,1610612739,Cleveland,Cavaliers,202688,Brandon,Knight,0.0,3970.0,0.0,3.0,0.143
0021801129,1610612739,Cleveland,Cavaliers,202688,Brandon,Knight,8810.0,19160.0,10.0,-6.0,0.189
0021801129,1610612739,Cleveland,Cavaliers,202688,Brandon,Knight,23990.0,28800.0,4.0,-3.0,0.143
0021801129,1610612739,Cleveland,Cavaliers,203903,Jordan,Clarkson,3970.0,10280.0,6.0,1.0,0.37
0021801129,1610612739,Cleveland,Cavaliers,203903,Jordan,Clarkson,19160.0,25320.0,4.0,4.0,0.28
0021801129,1610612739,Cleveland,Cavaliers,203903,Jordan,Clarkson,28665.0,28800.0,0.0,-2.0,0.25
0021801129,1610612739,Cleveland,Cavaliers,203917,Nik,Stauskas,6110.0,8810.0,2.0,1.0,0.214
0021801129,1610612739,Cleveland,Cavaliers,203917,Nik,Stauskas,21600.0,23990.0,3.0,0.0,0.222
0021801129,1610612739,Cleveland,Cavaliers,1626204,Larry,Nance Jr.,3970.0,9390.0,0.0,0.0,0.0
0021801129,1610612739,Cleveland,Cavaliers,1626204,Larry,Nance Jr.,12780.0,14400.0,0.0,1.0,0.167
0021801129,1610612739,Cleveland,Cavaliers,1626204,Larry,Nance Jr.,19160.0,28665.0,13.0,1.0,0.225
0021801129,1610612739,Cleveland,Cavaliers,1626224,Cedi,Osman,0.0,5700.0,2.0,0.0,0.19
0021801129,1610612739,Cleveland,Cavaliers,1626224,Cedi,Osman,10280.0,19160.0,2.0,-9.0,0.161
0021801129,1610612739,Cleveland,Cavaliers,1626224,Cedi,Osman,25320.0,28800.0,5.0,-5.0,0.278
0021801129,1610612739,Cleveland,Cavaliers,1627737,Marquese,Chriss,5700.0,8600.0,0.0,1.0,0.071
0021801129,1610612739,Cleveland,Cavaliers,1627737,Marquese,Chriss,20320.0,24250.0,2.0,4.0,0.158
0021801129,1610612739,Cleveland,Cavaliers,1628021,David,Nwaba,5260.0,10280.0,7.0,4.0,0.174
0021801129,1610612739,Cleveland,Cavaliers,1628021,David,Nwaba,19160.0,25320.0,4.0,4.0,0.08
0021801129,1610612739,Cleveland,Cavaliers,1629012,Collin,Sexton,0.0,6110.0,9.0,0.0,0.273
0021801129,1610612739,Cleveland,Cavaliers,1629012,Collin,Sexton,10280.0,21600.0,15.0,-7.0,0.205
0021801129,1610612739,Cleveland,Cavaliers,1629012,Collin,Sexton,25320.0,28800.0,0.0,-5.0,0.278
0021801001,1610612739,Cleveland,Cavaliers,101112,Channing,Frye,27490.0,28800.0,3.0,5.0,0.143
0021801001,1610612739,Cleveland,Cavaliers,201567,Kevin,Love,0.0,4500.0,3.0,4.0,0.158
0021801001,1610612739,Cleveland,Cavaliers,201567,Kevin,Love,9790.0,19510.0,11.0,7.0,0.268
0021801001,1610612739,Cleveland,Cavaliers,201567,Kevin,Love,24500.0,27490.0,2.0,5.0,0.273
0021801001,1610612739,Cleveland,Cavaliers,202688,Brandon,Knight,0.0,3720.0,3.0,0.0,0.133
0021801001,1610612739,Cleveland,Cavaliers,202688,Brandon,Knight,6660.0,10330.0,6.0,8.0,0.333
0021801001,1610612739,Cleveland,Cavaliers,202688,Brandon,Knight,14400.0,17780.0,3.0,4.0,0.091
0021801001,1610612739,Cleveland,Cavaliers,202688,Brandon,Knight,21116.0,24500.0,0.0,6.0,0.154
0021801001,1610612739,Cleveland,Cavaliers,203903,Jordan,Clarkson,3720.0,11980.0,6.0,5.0,0.1
0021801001,1610612739,Cleveland,Cavaliers,203903,Jordan,Clarkson,17780.0,27980.0,8.0,13.0,0.184
0021801001,1610612739,Cleveland,Cavaliers,203917,Nik,Stauskas,5670.0,10330.0,0.0,4.0,0.043
0021801001,1610612739,Cleveland,Cavaliers,203917,Nik,Stauskas,11980.0,14400.0,3.0,-1.0,0.364
0021801001,1610612739,Cleveland,Cavaliers,203917,Nik,Stauskas,21600.0,28800.0,5.0,11.0,0.107
0021801001,1610612739,Cleveland,Cavaliers,1626224,Cedi,Osman,0.0,5670.0,4.0,6.0,0.25
0021801001,1610612739,Cleveland,Cavaliers,1626224,Cedi,Osman,10330.0,21600.0,7.0,4.0,0.217
0021801001,1610612739,Cleveland,Cavaliers,1626224,Cedi,Osman,23400.0,27490.0,8.0,3.0,0.267
0021801001,1610612739,Cleveland,Cavaliers,1627737,Marquese,Chriss,4030.0,7890.0,0.0,-3.0,0.111
0021801001,1610612739,Cleveland,Cavaliers,1627737,Marquese,Chriss,11980.0,14400.0,0.0,-1.0,0.0
0021801001,1610612739,Cleveland,Cavaliers,1627737,Marquese,Chriss,19510.0,21590.0,0.0,2.0,0.111
0021801001,1610612739,Cleveland,Cavaliers,1627790,Ante,Zizic,0.0,4030.0,6.0,2.0,0.294
0021801001,1610612739,Cleveland,Cavaliers,1627790,Ante,Zizic,7890.0,11980.0,5.0,6.0,0.2
0021801001,1610612739,Cleveland,Cavaliers,1627790,Ante,Zizic,14400.0,19510.0,4.0,8.0,0.222
0021801001,1610612739,Cleveland,Cavaliers,1627790,Ante,Zizic,21590.0,24500.0,2.0,1.0,0.182
0021801001,1610612739,Cleveland,Cavaliers,1628021,David,Nwaba,4500.0,9790.0,5.0,1.0,0.2
0021801001,1610612739,Cleveland,Cavaliers,1628021,David,Nwaba,19510.0,23400.0,2.0,5.0,0.2
0021801001,1610612739,Cleveland,Cavaliers,1628021,David,Nwaba,27980.0,28800.0,2.0,4.0,0.2
0021801001,1610612739,Cleveland,Cavaliers,1629012,Collin,Sexton,0.0,6660.0,6.0,2.0,0.25
0021801001,1610612739,Cleveland,Cavaliers,1629012,Collin,Sexton,10330.0,21116.0,17.0,-1.0,0.209
0021801001,1610612739,Cleveland,Cavaliers,1629012,Collin,Sexton,24500.0,28800.0,5.0,10.0,0.222
0021801001,1610612739,Cleveland,Cavaliers,1629061,Deng,Adel,27490.0,28800.0,0.0,5.0,0.0
0021800423,1610612739,Cleveland,Cavaliers,101112,Channing,Frye,0.0,3080.0,0.0,-9.0,0.167
0021800423,1610612739,Cleveland,Cavaliers,101112,Channing,Frye,11820.0,12770.0,0.0,-1.0,0.0
0021800423,1610612739,Cleveland,Cavaliers,101112,Channing,Frye,14400.0,18610.0,9.0,0.0,0.267
0021800423,1610612739,Cleveland,Cavaliers,202692,Alec,Burks,0.0,3980.0,2.0,-10.0,0.25
0021800423,1610612739,Cleveland,Cavaliers,202692,Alec,Burks,8780.0,14400.0,10.0,-3.0,0.37
0021800423,1610612739,Cleveland,Cavaliers,202692,Alec,Burks,18610.0,25390.0,0.0,8.0,0.077
0021800423,1610612739,Cleveland,Cavaliers,203521,Matthew,Dellavedova,4720.0,10530.0,5.0,0.0,0.214
0021800423,1610612739,Cleveland,Cavaliers,203521,Matthew,Dellavedova,12770.0,14400.0,0.0,-3.0,0.0
0021800423,1610612739,Cleveland,Cavaliers,203521,Matthew,Dellavedova,18650.0,25390.0,5.0,11.0,0.12
0021800423,1610612739,Cleveland,Cavaliers,203521,Matthew,Dellavedova,26930.0,28800.0,0.0,-5.0,0.0
0021800423,1610612739,Cleveland,Cavaliers,203903,Jordan,Clarkson,3980.0,11820.0,11.0,0.0,0.333
0021800423,1610612739,Cleveland,Cavaliers,203903,Jordan,Clarkson,12770.0,14400.0,0.0,-3.0,0.0
0021800423,1610612739,Cleveland,Cavaliers,203903,Jordan,Clarkson,18610.0,28800.0,12.0,2.0,0.351
0021800423,1610612739,Cleveland,Cavaliers,203918,Rodney,Hood,0.0,5830.0,6.0,-12.0,0.208
0021800423,1610612739,Cleveland,Cavaliers,203918,Rodney,Hood,11820.0,12770.0,3.0,-1.0,0.2
0021800423,1610612739,Cleveland,Cavaliers,203918,Rodney,Hood,14400.0,19430.0,6.0,0.0,0.222
0021800423,1610612739,Cleveland,Cavaliers,203918,Rodney,Hood,23500.0,28800.0,4.0,-4.0,0.294
0021800423,1610612739,Cleveland,Cavaliers,1626204,Larry,Nance Jr.,3080.0,11820.0,5.0,-1.0,0.128
0021800423,1610612739,Cleveland,Cavaliers,1626204,Larry,Nance Jr.,12570.0,13829.0,2.0,2.0,0.429
0021800423,1610612739,Cleveland,Cavaliers,1626204,Larry,Nance Jr.,14400.0,20520.0,7.0,7.0,0.136
0021800423,1610612739,Cleveland,Cavaliers,1626204,Larry,Nance Jr.,22790.0,28800.0,0.0,-2.0,0.105
0021800423,1610612739,Cleveland,Cavaliers,1626224,Cedi,Osman,0.0,4230.0,0.0,-10.0,0.063
0021800423,1610612739,Cleveland,Cavaliers,1626224,Cedi,Osman,8780.0,12570.0,2.0,0.0,0.167
0021800423,1610612739,Cleveland,Cavaliers,1626224,Cedi,Osman,14400.0,18610.0,0.0,0.0,0.067
0021800423,1610612739,Cleveland,Cavaliers,1626224,Cedi,Osman,25390.0,28800.0,3.0,-6.0,0.091
0021800423,1610612739,Cleveland,Cavaliers,1628021,David,Nwaba,4230.0,8780.0,1.0,-1.0,0.095
0021800423,1610612739,Cleveland,Cavaliers,1628021,David,Nwaba,20520.0,23500.0,4.0,-1.0,0.308
0021800423,1610612739,Cleveland,Cavaliers,1628417,Jaron,Blossomgame,5830.0,8780.0,0.0,1.0,0.0
0021800423,1610612739,Cleveland,Cavaliers,1628417,Jaron,Blossomgame,13829.0,14400.0,0.0,-5.0,0.5
0021800423,1610612739,Cleveland,Cavaliers,1628417,Jaron,Blossomgame,19430.0,22790.0,0.0,4.0,0.071
0021800423,1610612739,Cleveland,Cavaliers,1629012,Collin,Sexton,0.0,4720.0,0.0,-10.0,0.263
0021800423,1610612739,Cleveland,Cavaliers,1629012,Collin,Sexton,10530.0,18650.0,3.0,-7.0,0.212
0021800423,1610612739,Cleveland,Cavaliers,1629012,Collin,Sexton,25390.0,26930.0,2.0,-1.0,0.2
0021800240,1610612739,Cleveland,Cavaliers,2594,Kyle,Korver,9250.0,14400.0,3.0,-3.0,0.2
0021800240,1610612739,Cleveland,Cavaliers,2594,Kyle,Korver,19090.0,25000.0,1.0,9.0,0.091
0021800240,1610612739,Cleveland,Cavaliers,2747,JR,Smith,5210.0,8730.0,2.0,-3.0,0.333
0021800240,1610612739,Cleveland,Cavaliers,202684,Tristan,Thompson,0.0,6330.0,2.0,-12.0,0.13
0021800240,1610612739,Cleveland,Cavaliers,202684,Tristan,Thompson,9700.0,21600.0,8.0,-7.0,0.159
0021800240,1610612739,Cleveland,Cavaliers,203903,Jordan,Clarkson,4000.0,9700.0,6.0,-9.0,0.333
0021800240,1610612739,Cleveland,Cavaliers,203903,Jordan,Clarkson,18410.0,25000.0,8.0,7.0,0.261
0021800240,1610612739,Cleveland,Cavaliers,203903,Jordan,Clarkson,25810.0,28800.0,2.0,6.0,0.1
0021800240,1610612739,Cleveland,Cavaliers,203918,Rodney,Hood,0.0,5210.0,5.0,-10.0,0.211
0021800240,1610612739,Cleveland,Cavaliers,203918,Rodney,Hood,9700.0,18410.0,3.0,-9.0,0.212
0021800240,1610612739,Cleveland,Cavaliers,203918,Rodney,Hood,25000.0,28800.0,4.0,8.0,0.154
0021800240,1610612739,Cleveland,Cavaliers,1626150,Andrew,Harrison,5470.0,9250.0,0.0,-5.0,0.133
0021800240,1610612739,Cleveland,Cavaliers,1626150,Andrew,Harrison,19280.0,25810.0,7.0,13.0,0.261
0021800240,1610612739,Cleveland,Cavaliers,1626204,Larry,Nance Jr.,0.0,5470.0,4.0,-12.0,0.15
0021800240,1610612739,Cleveland,Cavaliers,1626204,Larry,Nance Jr.,8730.0,10490.0,0.0,-8.0,0.125
0021800240,1610612739,Cleveland,Cavaliers,1626204,Larry,Nance Jr.,14400.0,19090.0,0.0,-8.0,0.059
0021800240,1610612739,Cleveland,Cavaliers,1626224,Cedi,Osman,0.0,4000.0,0.0,-8.0,0.2
0021800240,1610612739,Cleveland,Cavaliers,1626224,Cedi,Osman,8730.0,19090.0,10.0,-15.0,0.175
0021800240,1610612739,Cleveland,Cavaliers,1626224,Cedi,Osman,25000.0,28800.0,0.0,8.0,0.077
0021800240,1610612739,Cleveland,Cavaliers,1627790,Ante,Zizic,6330.0,9700.0,0.0,-5.0,0.071
0021800240,1610612739,Cleveland,Cavaliers,1627790,Ante,Zizic,21600.0,28800.0,12.0,13.0,0.32
0021800240,1610612739,Cleveland,Cavaliers,1628021,David,Nwaba,5470.0,8730.0,2.0,-1.0,0.167
0021800240,1610612739,Cleveland,Cavaliers,1628021,David,Nwaba,19090.0,28800.0,5.0,17.0,0.171
0021800240,1610612739,Cleveland,Cavaliers,1629012,Collin,Sexton,0.0,5470.0,6.0,-12.0,0.25
0021800240,1610612739,Cleveland,Cavaliers,1629012,Collin,Sexton,10490.0,19280.0,12.0,-9.0,0.235
0021800508,1610612739,Cleveland,Cavaliers,101112,Channing,Frye,2990.0,7200.0,3.0,-4.0,0.333
0021800508,1610612739,Cleveland,Cavaliers,101112,Channing,Frye,10910.0,13330.0,3.0,0.0,0.125
0021800508,1610612739,Cleveland,Cavaliers,101112,Channing,Frye,17930.0,21600.0,0.0,0.0,0.25
0021800508,1610612739,Cleveland,Cavaliers,202692,Alec,Burks,0.0,3790.0,1.0,-8.0,0.214
0021800508,1610612739,Cleveland,Cavaliers,202692,Alec,Burks,9240.0,18470.0,3.0,-9.0,0.135
0021800508,1610612739,Cleveland,Cavaliers,202692,Alec,Burks,24490.0,28800.0,3.0,9.0,0.136
0021800508,1610612739,Cleveland,Cavaliers,203521,Matthew,Dellavedova,4800.0,9540.0,2.0,2.0,0.143
0021800508,1610612739,Cleveland,Cavaliers,203521,Matthew,Dellavedova,13330.0,14400.0,0.0,-4.0,0.2
0021800508,1610612739,Cleveland,Cavaliers,203521,Matthew,Dellavedova,19580.0,24490.0,0.0,-4.0,0.235
0021800508,1610612739,Cleveland,Cavaliers,203903,Jordan,Clarkson,3790.0,10910.0,6.0,-1.0,0.29
0021800508,1610612739,Cleveland,Cavaliers,203903,Jordan,Clarkson,13330.0,14400.0,0.0,-4.0,0.2
0021800508,1610612739,Cleveland,Cavaliers,203903,Jordan,Clarkson,18470.0,28800.0,18.0,5.0,0.279
0021800508,1610612739,Cleveland,Cavaliers,1626204,Larry,Nance Jr.,0.0,4800.0,0.0,-6.0,0.15
0021800508,1610612739,Cleveland,Cavaliers,1626204,Larry,Nance Jr.,9540.0,20200.0,6.0,-8.0,0.136
0021800508,1610612739,Cleveland,Cavaliers,1626204,Larry,Nance Jr.,25670.0,28800.0,0.0,4.0,0.067
0021800508,1610612739,Cleveland,Cavaliers,1626224,Cedi,Osman,0.0,5570.0,3.0,-8.0,0.208
0021800508,1610612739,Cleveland,Cavaliers,1626224,Cedi,Osman,9830.0,19580.0,2.0,-6.0,0.143
0021800508,1610612739,Cleveland,Cavaliers,1626224,Cedi,Osman,25670.0,28800.0,5.0,4.0,0.2
0021800508,1610612739,Cleveland,Cavaliers,1627790,Ante,Zizic,0.0,2990.0,0.0,-8.0,0.182
0021800508,1610612739,Cleveland,Cavaliers,1627790,Ante,Zizic,7200.0,9540.0,2.0,8.0,0.2
0021800508,1610612739,Cleveland,Cavaliers,1627790,Ante,Zizic,14400.0,17930.0,4.0,1.0,0.294
0021800508,1610612739,Cleveland,Cavaliers,1627790,Ante,Zizic,21600.0,25670.0,0.0,0.0,0.067
0021800508,1610612739,Cleveland,Cavaliers,1627883,Jalen,Jones,5570.0,9240.0,4.0,4.0,0.176
0021800508,1610612739,Cleveland,Cavaliers,1627883,Jalen,Jones,20200.0,24490.0,1.0,-5.0,0.133
0021800508,1610612739,Cleveland,Cavaliers,1628417,Jaron,Blossomgame,4800.0,9830.0,0.0,-1.0,0.045
0021800508,1610612739,Cleveland,Cavaliers,1628417,Jaron,Blossomgame,19580.0,25670.0,5.0,1.0,0.174
0021800508,1610612739,Cleveland,Cavaliers,1629012,Collin,Sexton,0.0,4800.0,0.0,-6.0,0.2
0021800508,1610612739,Cleveland,Cavaliers,1629012,Collin,Sexton,9540.0,13330.0,4.0,-5.0,0.25
0021800508,1610612739,Cleveland,Cavaliers,1629012,Collin,Sexton,14400.0,19580.0,4.0,0.0,0.24
0021800508,1610612739,Cleveland,Cavaliers,1629012,Collin,Sexton,24490.0,28800.0,8.0,9.0,0.273
0021800555,1610612739,Cleveland,Cavaliers,101112,Channing,Frye,27210.0,28800.0,0.0,-2.0,0.286
0021800555,1610612739,Cleveland,Cavaliers,202684,Tristan,Thompson,0.0,4040.0,8.0,3.0,0.385
0021800555,1610612739,Cleveland,Cavaliers,202684,Tristan,Thompson,9490.0,18000.0,4.0,-16.0,0.185
0021800555,1610612739,Cleveland,Cavaliers,202684,Tristan,Thompson,25700.0,27210.0,2.0,-6.0,0.6
0021800555,1610612739,Cleveland,Cavaliers,202692,Alec,Burks,0.0,4040.0,2.0,3.0,0.154
0021800555,1610612739,Cleveland,Cavaliers,202692,Alec,Burks,7200.0,12100.0,3.0,-12.0,0.176
0021800555,1610612739,Cleveland,Cavaliers,202692,Alec,Burks,14400.0,19240.0,2.0,1.0,0.067
0021800555,1610612739,Cleveland,Cavaliers,202692,Alec,Burks,24550.0,27210.0,2.0,-8.0,0.125
0021800555,1610612739,Cleveland,Cavaliers,203521,Matthew,Dellavedova,5070.0,9490.0,2.0,-3.0,0.2
0021800555,1610612739,Cleveland,Cavaliers,203521,Matthew,Dellavedova,12100.0,14400.0,0.0,-4.0,0.143
0021800555,1610612739,Cleveland,Cavaliers,203521,Matthew,Dellavedova,19240.0,23310.0,5.0,-1.0,0.385
0021800555,1610612739,Cleveland,Cavaliers,203903,Jordan,Clarkson,2020.0,7200.0,6.0,-3.0,0.294
0021800555,1610612739,Cleveland,Cavaliers,203903,Jordan,Clarkson,12100.0,14400.0,0.0,-4.0,0.286
0021800555,1610612739,Cleveland,Cavaliers,203903,Jordan,Clarkson,18000.0,25330.0,5.0,1.0,0.174
0021800555,1610612739,Cleveland,Cavaliers,203918,Rodney,Hood,0.0,2020.0,2.0,4.0,0.125
0021800555,1610612739,Cleveland,Cavaliers,203918,Rodney,Hood,4040.0,6621.0,0.0,-2.0,0.1
0021800555,1610612739,Cleveland,Cavaliers,203918,Rodney,Hood,10540.0,18000.0,8.0,-14.0,0.217
0021800555,1610612739,Cleveland,Cavaliers,203918,Rodney,Hood,23070.0,26820.0,3.0,-9.0,0.083
0021800555,1610612739,Cleveland,Cavaliers,1626204,Larry,Nance Jr.,4040.0,9490.0,2.0,-5.0,0.316
0021800555,1610612739,Cleveland,Cavaliers,1626204,Larry,Nance Jr.,18000.0,25700.0,4.0,1.0,0.083
0021800555,1610612739,Cleveland,Cavaliers,1626224,Cedi,Osman,0.0,5980.0,3.0,1.0,0.15
0021800555,1610612739,Cleveland,Cavaliers,1626224,Cedi,Osman,9490.0,19240.0,6.0,-12.0,0.129
0021800555,1610612739,Cleveland,Cavaliers,1626224,Cedi,Osman,25330.0,27210.0,0.0,-6.0,0.167
0021800555,1610612739,Cleveland,Cavaliers,1627775,Patrick,McCaw,6621.0,10540.0,0.0,-5.0,0.071
0021800555,1610612739,Cleveland,Cavaliers,1627775,Patrick,McCaw,19240.0,24550.0,2.0,-1.0,0.059
0021800555,1610612739,Cleveland,Cavaliers,1627775,Patrick,McCaw,27210.0,28800.0,0.0,-2.0,0.0
0021800555,1610612739,Cleveland,Cavaliers,1627883,Jalen,Jones,5980.0,9490.0,2.0,-3.0,0.167
0021800555,1610612739,Cleveland,Cavaliers,1627883,Jalen,Jones,19240.0,23070.0,7.0,-1.0,0.385
0021800555,1610612739,Cleveland,Cavaliers,1627883,Jalen,Jones,27210.0,28800.0,0.0,-2.0,0.143
0021800555,1610612739,Cleveland,Cavaliers,1628417,Jaron,Blossomgame,26820.0,28800.0,0.0,-1.0,0.111
0021800555,1610612739,Cleveland,Cavaliers,1629012,Collin,Sexton,0.0,5070.0,0.0,1.0,0.118
0021800555,1610612739,Cleveland,Cavaliers,1629012,Collin,Sexton,9490.0,12100.0,5.0,-9.0,0.333
0021800555,1610612739,Cleveland,Cavaliers,1629012,Collin,Sexton,14400.0,19240.0,7.0,1.0,0.467
0021800555,1610612739,Cleveland,Cavaliers,1629012,Collin,Sexton,23310.0,28800.0,0.0,-10.0,0.211
0021800567,1610612739,Cleveland,Cavaliers,101112,Channing,Frye,5820.0,9920.0,3.0,13.0,0.133
0021800567,1610612739,Cleveland,Cavaliers,101112,Channing,Frye,13110.0,14400.0,0.0,-3.0,0.0
0021800567,1610612739,Cleveland,Cavaliers,101112,Channing,Frye,19250.0,22090.0,0.0,-13.0,0.1
0021800567,1610612739,Cleveland,Cavaliers,101112,Channing,Frye,26840.0,28800.0,2.0,4.0,0.167
0021800567,1610612739,Cleveland,Cavaliers,202684,Tristan,Thompson,0.0,5820.0,2.0,-4.0,0.19
0021800567,1610612739,Cleveland,Cavaliers,202684,Tristan,Thompson,9920.0,13110.0,2.0,-5.0,0.273
0021800567,1610612739,Cleveland,Cavaliers,202684,Tristan,Thompson,14400.0,19250.0,0.0,-3.0,0.059
0021800567,1610612739,Cleveland,Cavaliers,202684,Tristan,Thompson,23440.0,26070.0,4.0,-8.0,0.4
0021800567,1610612739,Cleveland,Cavaliers,202692,Alec,Burks,4060.0,11100.0,7.0,5.0,0.24
0021800567,1610612739,Cleveland,Cavaliers,202692,Alec,Burks,17760.0,23440.0,4.0,-18.0,0.227
0021800567,1610612739,Cleveland,Cavaliers,202692,Alec,Burks,23760.0,28800.0,6.0,-3.0,0.222
0021800567,1610612739,Cleveland,Cavaliers,203903,Jordan,Clarkson,3720.0,9920.0,6.0,7.0,0.318
0021800567,1610612739,Cleveland,Cavaliers,203903,Jordan,Clarkson,13110.0,14400.0,4.0,-3.0,0.6
0021800567,1610612739,Cleveland,Cavaliers,203903,Jordan,Clarkson,19010.0,23010.0,2.0,-18.0,0.2
0021800567,1610612739,Cleveland,Cavaliers,203918,Rodney,Hood,0.0,3720.0,4.0,2.0,0.231
0021800567,1610612739,Cleveland,Cavaliers,203918,Rodney,Hood,8380.0,17760.0,8.0,-6.0,0.156
0021800567,1610612739,Cleveland,Cavaliers,203918,Rodney,Hood,23010.0,24990.0,0.0,-7.0,0.111
0021800567,1610612739,Cleveland,Cavaliers,1626204,Larry,Nance Jr.,0.0,4520.0,4.0,-1.0,0.125
0021800567,1610612739,Cleveland,Cavaliers,1626204,Larry,Nance Jr.,9920.0,19010.0,4.0,-9.0,0.125
0021800567,1610612739,Cleveland,Cavaliers,1626204,Larry,Nance Jr.,22090.0,26840.0,2.0,-15.0,0.15
0021800567,1610612739,Cleveland,Cavaliers,1626224,Cedi,Osman,0.0,5820.0,0.0,-4.0,0.095
0021800567,1610612739,Cleveland,Cavaliers,1626224,Cedi,Osman,11100.0,19670.0,8.0,-11.0,0.226
0021800567,1610612739,Cleveland,Cavaliers,1626224,Cedi,Osman,22090.0,26070.0,0.0,-13.0,0.125
0021800567,1610612739,Cleveland,Cavaliers,1627775,Patrick,McCaw,4520.0,9480.0,0.0,10.0,0.158
0021800567,1610612739,Cleveland,Cavaliers,1627775,Patrick,McCaw,19010.0,22090.0,3.0,-15.0,0.273
0021800567,1610612739,Cleveland,Cavaliers,1627775,Patrick,McCaw,26070.0,28800.0,0.0,2.0,0.222
0021800567,1610612739,Cleveland,Cavaliers,1627883,Jalen,Jones,5820.0,8380.0,0.0,8.0,0.0
0021800567,1610612739,Cleveland,Cavaliers,1627883,Jalen,Jones,19670.0,22090.0,0.0,-11.0,0.125
0021800567,1610612739,Cleveland,Cavaliers,1627883,Jalen,Jones,26070.0,28800.0,3.0,2.0,0.111
0021800567,1610612739,Cleveland,Cavaliers,1629012,Collin,Sexton,0.0,4060.0,3.0,2.0,0.286
0021800567,1610612739,Cleveland,Cavaliers,1629012,Collin,Sexton,9480.0,13110.0,4.0,-5.0,0.417
0021800567,1610612739,Cleveland,Cavaliers,1629012,Collin,Sexton,14400.0,19010.0,3.0,-1.0,0.25
0021800567,1610612739,Cleveland,Cavaliers,1629012,Collin,Sexton,22090.0,23760.0,0.0,-8.0,0.25
0021800567,1610612739,Cleveland,Cavaliers,1629012,Collin,Sexton,24990.0,28800.0,3.0,-1.0,0.333
0021801178,1610612739,Cleveland,Cavaliers,202688,Brandon,Knight,0.0,3880.0,0.0,-4.0,0.143
0021801178,1610612739,Cleveland,Cavaliers,202688,Brandon,Knight,6673.0,11720.0,2.0,3.0,0.2
0021801178,1610612739,Cleveland,Cavaliers,202688,Brandon,Knight,14400.0,19040.0,0.0,3.0,0.056
0021801178,1610612739,Cleveland,Cavaliers,202688,Brandon,Knight,21600.0,24800.0,3.0,1.0,0.2
0021801178,1610612739,Cleveland,Cavaliers,203903,Jordan,Clarkson,3880.0,11340.0,8.0,-2.0,0.167
0021801178,1610612739,Cleveland,Cavaliers,203903,Jordan,Clarkson,11720.0,14400.0,3.0,-2.0,0.1
0021801178,1610612739,Cleveland,Cavaliers,203903,Jordan,Clarkson,19040.0,27780.0,11.0,-9.0,0.323
0021801178,1610612739,Cleveland,Cavaliers,203917,Nik,Stauskas,6673.0,10490.0,1.0,1.0,0.133
0021801178,1610612739,Cleveland,Cavaliers,203917,Nik,Stauskas,19970.0,23970.0,3.0,-3.0,0.188
0021801178,1610612739,Cleveland,Cavaliers,203917,Nik,Stauskas,27780.0,28800.0,0.0,-1.0,0.0
0021801178,1610612739,Cleveland,Cavaliers,1626204,Larry,Nance Jr.,0.0,5110.0,2.0,-2.0,0.2
0021801178,1610612739,Cleveland,Cavaliers,1626204,Larry,Nance Jr.,10490.0,14314.0,2.0,0.0,0.067
0021801178,1610612739,Cleveland,Cavaliers,1626204,Larry,Nance Jr.,14400.0,19420.0,7.0,3.0,0.25
0021801178,1610612739,Cleveland,Cavaliers,1626204,Larry,Nance Jr.,23970.0,27780.0,0.0,-3.0,0.091
0021801178,1610612739,Cleveland,Cavaliers,1626224,Cedi,Osman,0.0,6673.0,4.0,-7.0,0.154
0021801178,1610612739,Cleveland,Cavaliers,1626224,Cedi,Osman,11340.0,19970.0,10.0,0.0,0.235
0021801178,1610612739,Cleveland,Cavaliers,1626224,Cedi,Osman,25490.0,27780.0,3.0,-1.0,0.167
0021801178,1610612739,Cleveland,Cavaliers,1627737,Marquese,Chriss,4140.0,6673.0,0.0,-1.0,0.091
0021801178,1610612739,Cleveland,Cavaliers,1627737,Marquese,Chriss,7200.0,9500.0,0.0,4.0,0.2
0021801178,1610612739,Cleveland,Cavaliers,1627737,Marquese,Chriss,14314.0,14400.0,0.0,0.0,0.0
0021801178,1610612739,Cleveland,Cavaliers,1627737,Marquese,Chriss,19040.0,22970.0,2.0,-6.0,0.176
0021801178,1610612739,Cleveland,Cavaliers,1627737,Marquese,Chriss,27780.0,28800.0,4.0,-1.0,0.4
0021801178,1610612739,Cleveland,Cavaliers,1627790,Ante,Zizic,0.0,4140.0,2.0,-6.0,0.25
0021801178,1610612739,Cleveland,Cavaliers,1627790,Ante,Zizic,9500.0,19040.0,10.0,0.0,0.25
0021801178,1610612739,Cleveland,Cavaliers,1627790,Ante,Zizic,22970.0,27780.0,2.0,-3.0,0.143
0021801178,1610612739,Cleveland,Cavaliers,1628021,David,Nwaba,5110.0,10120.0,6.0,-4.0,0.286
0021801178,1610612739,Cleveland,Cavaliers,1628021,David,Nwaba,19420.0,25490.0,0.0,-8.0,0.091
0021801178,1610612739,Cleveland,Cavaliers,1628021,David,Nwaba,27780.0,28800.0,0.0,-1.0,0.0
0021801178,1610612739,Cleveland,Cavaliers,1629012,Collin,Sexton,0.0,7200.0,8.0,-7.0,0.25
0021801178,1610612739,Cleveland,Cavaliers,1629012,Collin,Sexton,10120.0,21600.0,11.0,-3.0,0.213
0021801178,1610612739,Cleveland,Cavaliers,1629012,Collin,Sexton,24800.0,28800.0,0.0,-5.0,0.154
0021801178,1610612739,Cleveland,Cavaliers,1629061,Deng,Adel,27780.0,28800.0,0.0,-1.0,0.2
0021800948,1610612739,Cleveland,Cavaliers,201567,Kevin,Love,0.0,4690.0,3.0,0.0,0.235
0021800948,1610612739,Cleveland,Cavaliers,201567,Kevin,Love,9740.0,17880.0,5.0,-6.0,0.194
0021800948,1610612739,Cleveland,Cavaliers,201567,Kevin,Love,24370.0,28800.0,8.0,12.0,0.278
0021800948,1610612739,Cleveland,Cavaliers,202688,Brandon,Knight,0.0,4690.0,0.0,0.0,0.059
0021800948,1610612739,Cleveland,Cavaliers,202688,Brandon,Knight,11380.0,17880.0,2.0,-10.0,0.16
0021800948,1610612739,Cleveland,Cavaliers,203521,Matthew,Dellavedova,6160.0,11380.0,5.0,3.0,0.238
0021800948,1610612739,Cleveland,Cavaliers,203521,Matthew,Dellavedova,13570.0,14400.0,0.0,-2.0,0.25
0021800948,1610612739,Cleveland,Cavaliers,203521,Matthew,Dellavedova,19060.0,24370.0,6.0,8.0,0.211
0021800948,1610612739,Cleveland,Cavaliers,203521,Matthew,Dellavedova,28170.0,28190.0,0.0,2.0,0.0
0021800948,1610612739,Cleveland,Cavaliers,203903,Jordan,Clarkson,4690.0,9740.0,7.0,6.0,0.211
0021800948,1610612739,Cleveland,Cavaliers,203903,Jordan,Clarkson,17880.0,28800.0,11.0,14.0,0.214
0021800948,1610612739,Cleveland,Cavaliers,203917,Nik,Stauskas,6881.0,11160.0,5.0,7.0,0.235
0021800948,1610612739,Cleveland,Cavaliers,203917,Nik,Stauskas,20640.0,24720.0,2.0,10.0,0.133
0021800948,1610612739,Cleveland,Cavaliers,1626204,Larry,Nance Jr.,0.0,6881.0,4.0,5.0,0.2
0021800948,1610612739,Cleveland,Cavaliers,1626204,Larry,Nance Jr.,11160.0,19060.0,2.0,-18.0,0.133
0021800948,1610612739,Cleveland,Cavaliers,1626204,Larry,Nance Jr.,24370.0,28170.0,5.0,9.0,0.133
0021800948,1610612739,Cleveland,Cavaliers,1626204,Larry,Nance Jr.,28190.0,28800.0,0.0,1.0,0.0
0021800948,1610612739,Cleveland,Cavaliers,1626224,Cedi,Osman,0.0,6881.0,6.0,5.0,0.16
0021800948,1610612739,Cleveland,Cavaliers,1626224,Cedi,Osman,11160.0,20640.0,2.0,-20.0,0.2
0021800948,1610612739,Cleveland,Cavaliers,1626224,Cedi,Osman,24720.0,28800.0,6.0,12.0,0.118
0021800948,1610612739,Cleveland,Cavaliers,1627737,Marquese,Chriss,6881.0,11160.0,2.0,7.0,0.176
0021800948,1610612739,Cleveland,Cavaliers,1627737,Marquese,Chriss,19060.0,24370.0,1.0,8.0,0.158
0021800948,1610612739,Cleveland,Cavaliers,1628021,David,Nwaba,4690.0,11160.0,2.0,12.0,0.125
0021800948,1610612739,Cleveland,Cavaliers,1628021,David,Nwaba,17880.0,24370.0,6.0,2.0,0.208
0021800948,1610612739,Cleveland,Cavaliers,1629012,Collin,Sexton,0.0,6160.0,9.0,7.0,0.286
0021800948,1610612739,Cleveland,Cavaliers,1629012,Collin,Sexton,11160.0,13570.0,2.0,-6.0,0.375
0021800948,1610612739,Cleveland,Cavaliers,1629012,Collin,Sexton,14400.0,19060.0,4.0,-10.0,0.222
0021800948,1610612739,Cleveland,Cavaliers,1629012,Collin,Sexton,24370.0,28800.0,2.0,12.0,0.278
0021800749,1610612739,Cleveland,Cavaliers,202692,Alec,Burks,0.0,7200.0,0.0,2.0,0.036
0021800749,1610612739,Cleveland,Cavaliers,202692,Alec,Burks,10330.0,21600.0,7.0,16.0,0.175
0021800749,1610612739,Cleveland,Cavaliers,202692,Alec,Burks,26170.0,28800.0,1.0,-15.0,0.067
0021800749,1610612739,Cleveland,Cavaliers,203521,Matthew,Dellavedova,5350.0,10100.0,1.0,5.0,0.158
0021800749,1610612739,Cleveland,Cavaliers,203521,Matthew,Dellavedova,19860.0,25770.0,9.0,1.0,0.286
0021800749,1610612739,Cleveland,Cavaliers,203903,Jordan,Clarkson,4690.0,10330.0,5.0,6.0,0.333
0021800749,1610612739,Cleveland,Cavaliers,203903,Jordan,Clarkson,11870.0,14400.0,5.0,5.0,0.273
0021800749,1610612739,Cleveland,Cavaliers,203903,Jordan,Clarkson,18340.0,26170.0,15.0,4.0,0.258
0021800749,1610612739,Cleveland,Cavaliers,203903,Jordan,Clarkson,27250.0,28800.0,3.0,-7.0,0.273
0021800749,1610612739,Cleveland,Cavaliers,203918,Rodney,Hood,0.0,4690.0,2.0,-3.0,0.158
0021800749,1610612739,Cleveland,Cavaliers,203918,Rodney,Hood,7200.0,10330.0,3.0,1.0,0.167
0021800749,1610612739,Cleveland,Cavaliers,203918,Rodney,Hood,14400.0,18340.0,0.0,8.0,0.0
0021800749,1610612739,Cleveland,Cavaliers,203918,Rodney,Hood,21600.0,27250.0,2.0,-9.0,0.087
0021800749,1610612739,Cleveland,Cavaliers,203918,Rodney,Hood,28449.0,28460.0,0.0,0.0,0.0
0021800749,1610612739,Cleveland,Cavaliers,203918,Rodney,Hood,28463.0,28800.0,0.0,-4.0,0.0
0021800749,1610612739,Cleveland,Cavaliers,1626204,Larry,Nance Jr.,4690.0,8640.0,6.0,5.0,0.267
0021800749,1610612739,Cleveland,Cavaliers,1626204,Larry,Nance Jr.,11870.0,14400.0,2.0,5.0,0.091
0021800749,1610612739,Cleveland,Cavaliers,1626204,Larry,Nance Jr.,18820.0,24690.0,5.0,10.0,0.211
0021800749,1610612739,Cleveland,Cavaliers,1626204,Larry,Nance Jr.,26440.0,28449.0,0.0,-9.0,0.0
0021800749,1610612739,Cleveland,Cavaliers,1626204,Larry,Nance Jr.,28460.0,28800.0,0.0,-4.0,0.0
0021800749,1610612739,Cleveland,Cavaliers,1626224,Cedi,Osman,0.0,7200.0,6.0,2.0,0.286
0021800749,1610612739,Cleveland,Cavaliers,1626224,Cedi,Osman,10330.0,22040.0,19.0,19.0,0.22
0021800749,1610612739,Cleveland,Cavaliers,1626224,Cedi,Osman,26170.0,28800.0,1.0,-15.0,0.333
0021800749,1610612739,Cleveland,Cavaliers,1627790,Ante,Zizic,0.0,4690.0,6.0,-3.0,0.316
0021800749,1610612739,Cleveland,Cavaliers,1627790,Ante,Zizic,8640.0,11870.0,2.0,-1.0,0.154
0021800749,1610612739,Cleveland,Cavaliers,1627790,Ante,Zizic,14400.0,18820.0,2.0,7.0,0.063
0021800749,1610612739,Cleveland,Cavaliers,1627790,Ante,Zizic,24690.0,26440.0,2.0,-7.0,0.3
0021800749,1610612739,Cleveland,Cavaliers,1629012,Collin,Sexton,0.0,5350.0,4.0,-1.0,0.19
0021800749,1610612739,Cleveland,Cavaliers,1629012,Collin,Sexton,10100.0,19860.0,6.0,14.0,0.257
0021800749,1610612739,Cleveland,Cavaliers,1629012,Collin,Sexton,25770.0,28463.0,2.0,-12.0,0.313
0021800749,1610612739,Cleveland,Cavaliers,1629061,Deng,Adel,7200.0,11870.0,0.0,-1.0,0.111
0021800749,1610612739,Cleveland,Cavaliers,1629061,Deng,Adel,22040.0,26170.0,0.0,-4.0,0.056
0021800579,1610612739,Cleveland,Cavaliers,101112,Channing,Frye,4440.0,8000.0,0.0,-6.0,0.188
0021800579,1610612739,Cleveland,Cavaliers,101112,Channing,Frye,13580.0,14400.0,0.0,0.0,0.5
0021800579,1610612739,Cleveland,Cavaliers,101112,Channing,Frye,16620.0,21600.0,0.0,-4.0,0.095
0021800579,1610612739,Cleveland,Cavaliers,101112,Channing,Frye,26270.0,28800.0,8.0,-3.0,0.273
0021800579,1610612739,Cleveland,Cavaliers,202684,Tristan,Thompson,0.0,4440.0,0.0,1.0,0.0
0021800579,1610612739,Cleveland,Cavaliers,202684,Tristan,Thompson,9210.0,13580.0,6.0,-2.0,0.313
0021800579,1610612739,Cleveland,Cavaliers,202684,Tristan,Thompson,14400.0,16620.0,0.0,-13.0,0.111
0021800579,1610612739,Cleveland,Cavaliers,202684,Tristan,Thompson,21600.0,26270.0,4.0,-6.0,0.211
0021800579,1610612739,Cleveland,Cavaliers,202692,Alec,Burks,0.0,4440.0,6.0,1.0,0.158
0021800579,1610612739,Cleveland,Cavaliers,202692,Alec,Burks,5520.0,16620.0,2.0,-16.0,0.136
0021800579,1610612739,Cleveland,Cavaliers,202692,Alec,Burks,22980.0,28800.0,0.0,-9.0,0.087
0021800579,1610612739,Cleveland,Cavaliers,203903,Jordan,Clarkson,2790.0,10110.0,15.0,-5.0,0.344
0021800579,1610612739,Cleveland,Cavaliers,203903,Jordan,Clarkson,13580.0,14400.0,0.0,0.0,0.5
0021800579,1610612739,Cleveland,Cavaliers,203903,Jordan,Clarkson,16620.0,22980.0,8.0,-4.0,0.333
0021800579,1610612739,Cleveland,Cavaliers,1626204,Larry,Nance Jr.,0.0,2790.0,0.0,-2.0,0.273
0021800579,1610612739,Cleveland,Cavaliers,1626204,Larry,Nance Jr.,8000.0,13580.0,0.0,-4.0,0.091
0021800579,1610612739,Cleveland,Cavaliers,1626204,Larry,Nance Jr.,14400.0,21600.0,6.0,-17.0,0.133
0021800579,1610612739,Cleveland,Cavaliers,1626224,Cedi,Osman,0.0,5520.0,6.0,-6.0,0.174
0021800579,1610612739,Cleveland,Cavaliers,1626224,Cedi,Osman,8780.0,13580.0,5.0,-4.0,0.211
0021800579,1610612739,Cleveland,Cavaliers,1626224,Cedi,Osman,14400.0,16620.0,0.0,-13.0,0.222
0021800579,1610612739,Cleveland,Cavaliers,1626224,Cedi,Osman,21600.0,28800.0,2.0,-9.0,0.172
0021800579,1610612739,Cleveland,Cavaliers,1627775,Patrick,McCaw,4440.0,8780.0,0.0,-6.0,0.056
0021800579,1610612739,Cleveland,Cavaliers,1627775,Patrick,McCaw,13580.0,14400.0,0.0,0.0,0.0
0021800579,1610612739,Cleveland,Cavaliers,1627775,Patrick,McCaw,16620.0,21600.0,0.0,-4.0,0.048
0021800579,1610612739,Cleveland,Cavaliers,1627883,Jalen,Jones,5520.0,9210.0,0.0,-1.0,0.111
0021800579,1610612739,Cleveland,Cavaliers,1627883,Jalen,Jones,13580.0,14400.0,2.0,0.0,0.5
0021800579,1610612739,Cleveland,Cavaliers,1627883,Jalen,Jones,16620.0,28800.0,13.0,-13.0,0.3
0021800579,1610612739,Cleveland,Cavaliers,1629012,Collin,Sexton,0.0,5520.0,6.0,-6.0,0.261
0021800579,1610612739,Cleveland,Cavaliers,1629012,Collin,Sexton,10110.0,13580.0,4.0,-2.0,0.308
0021800579,1610612739,Cleveland,Cavaliers,1629012,Collin,Sexton,14400.0,16620.0,0.0,-13.0,0.333
0021800579,1610612739,Cleveland,Cavaliers,1629012,Collin,Sexton,21600.0,28800.0,5.0,-9.0,0.138
0021800722,1610612739,Cleveland,Cavaliers,202692,Alec,Burks,0.0,5190.0,4.0,-7.0,0.25
0021800722,1610612739,Cleveland,Cavaliers,202692,Alec,Burks,10100.0,19330.0,0.0,2.0,0.065
0021800722,1610612739,Cleveland,Cavaliers,202692,Alec,Burks,25260.0,28800.0,9.0,10.0,0.375
0021800722,1610612739,Cleveland,Cavaliers,203521,Matthew,Dellavedova,4330.0,11870.0,2.0,5.0,0.111
0021800722,1610612739,Cleveland,Cavaliers,203521,Matthew,Dellavedova,19330.0,24400.0,2.0,-11.0,0.2
0021800722,1610612739,Cleveland,Cavaliers,203903,Jordan,Clarkson,3830.0,10930.0,6.0,0.0,0.259
0021800722,1610612739,Cleveland,Cavaliers,203903,Jordan,Clarkson,12510.0,14400.0,0.0,3.0,0.143
0021800722,1610612739,Cleveland,Cavaliers,203903,Jordan,Clarkson,17870.0,25260.0,0.0,-15.0,0.222
0021800722,1610612739,Cleveland,Cavaliers,203918,Rodney,Hood,0.0,3830.0,3.0,0.0,0.143
0021800722,1610612739,Cleveland,Cavaliers,203918,Rodney,Hood,9140.0,12510.0,4.0,4.0,0.25
0021800722,1610612739,Cleveland,Cavaliers,203918,Rodney,Hood,14400.0,17870.0,3.0,-6.0,0.182
0021800722,1610612739,Cleveland,Cavaliers,203918,Rodney,Hood,21600.0,28800.0,0.0,4.0,0.069
0021800722,1610612739,Cleveland,Cavaliers,1626204,Larry,Nance Jr.,4330.0,10100.0,4.0,0.0,0.143
0021800722,1610612739,Cleveland,Cavaliers,1626204,Larry,Nance Jr.,18390.0,25260.0,2.0,-13.0,0.24
0021800722,1610612739,Cleveland,Cavaliers,1626224,Cedi,Osman,0.0,7200.0,6.0,-4.0,0.25
0021800722,1610612739,Cleveland,Cavaliers,1626224,Cedi,Osman,10930.0,21600.0,19.0,-10.0,0.333
0021800722,1610612739,Cleveland,Cavaliers,1626224,Cedi,Osman,23180.0,28800.0,4.0,10.0,0.167
0021800722,1610612739,Cleveland,Cavaliers,1627790,Ante,Zizic,0.0,4330.0,4.0,-5.0,0.176
0021800722,1610612739,Cleveland,Cavaliers,1627790,Ante,Zizic,10100.0,18390.0,6.0,2.0,0.214
0021800722,1610612739,Cleveland,Cavaliers,1627790,Ante,Zizic,25260.0,28800.0,1.0,10.0,0.063
0021800722,1610612739,Cleveland,Cavaliers,1628417,Jaron,Blossomgame,7200.0,9140.0,0.0,2.0,0.167
0021800722,1610612739,Cleveland,Cavaliers,1629012,Collin,Sexton,0.0,4330.0,2.0,-5.0,0.294
0021800722,1610612739,Cleveland,Cavaliers,1629012,Collin,Sexton,11870.0,19330.0,5.0,-3.0,0.16
0021800722,1610612739,Cleveland,Cavaliers,1629012,Collin,Sexton,24400.0,28800.0,6.0,8.0,0.278
0021800722,1610612739,Cleveland,Cavaliers,1629061,Deng,Adel,5190.0,10100.0,2.0,2.0,0.056
0021800722,1610612739,Cleveland,Cavaliers,1629061,Deng,Adel,19330.0,23180.0,0.0,-13.0,0.2
0021800178,1610612739,Cleveland,Cavaliers,2594,Kyle,Korver,6370.0,12470.0,8.0,4.0,0.16
0021800178,1610612739,Cleveland,Cavaliers,2594,Kyle,Korver,14096.0,14278.0,0.0,1.0,0.0
0021800178,1610612739,Cleveland,Cavaliers,2594,Kyle,Korver,14366.0,14400.0,0.0,0.0,0.5
0021800178,1610612739,Cleveland,Cavaliers,2594,Kyle,Korver,19490.0,24920.0,0.0,-9.0,0.0
0021800178,1610612739,Cleveland,Cavaliers,2594,Kyle,Korver,28670.0,28800.0,0.0,0.0,0.0
0021800178,1610612739,Cleveland,Cavaliers,2747,JR,Smith,0.0,3830.0,0.0,-7.0,0.188
0021800178,1610612739,Cleveland,Cavaliers,2747,JR,Smith,11790.0,14096.0,0.0,5.0,0.0
0021800178,1610612739,Cleveland,Cavaliers,2747,JR,Smith,14366.0,18020.0,2.0,4.0,0.143
0021800178,1610612739,Cleveland,Cavaliers,2747,JR,Smith,24920.0,28800.0,0.0,6.0,0.0
0021800178,1610612739,Cleveland,Cavaliers,202684,Tristan,Thompson,0.0,4500.0,3.0,-7.0,0.158
0021800178,1610612739,Cleveland,Cavaliers,202684,Tristan,Thompson,8440.0,14366.0,7.0,14.0,0.217
0021800178,1610612739,Cleveland,Cavaliers,202684,Tristan,Thompson,14400.0,19010.0,6.0,3.0,0.294
0021800178,1610612739,Cleveland,Cavaliers,202684,Tristan,Thompson,23500.0,28670.0,6.0,2.0,0.2
0021800178,1610612739,Cleveland,Cavaliers,203903,Jordan,Clarkson,3830.0,11790.0,10.0,1.0,0.29
0021800178,1610612739,Cleveland,Cavaliers,203903,Jordan,Clarkson,18020.0,24920.0,5.0,-11.0,0.333
0021800178,1610612739,Cleveland,Cavaliers,203903,Jordan,Clarkson,28670.0,28800.0,0.0,0.0,0.0
0021800178,1610612739,Cleveland,Cavaliers,203918,Rodney,Hood,0.0,6370.0,9.0,-9.0,0.28
0021800178,1610612739,Cleveland,Cavaliers,203918,Rodney,Hood,12470.0,19490.0,2.0,7.0,0.069
0021800178,1610612739,Cleveland,Cavaliers,203918,Rodney,Hood,24920.0,28800.0,9.0,6.0,0.5
0021800178,1610612739,Cleveland,Cavaliers,1626150,Andrew,Harrison,7200.0,11790.0,0.0,8.0,0.105
0021800178,1610612739,Cleveland,Cavaliers,1626150,Andrew,Harrison,20180.0,23790.0,0.0,-2.0,0.357
0021800178,1610612739,Cleveland,Cavaliers,1626204,Larry,Nance Jr.,0.0,6370.0,2.0,-9.0,0.08
0021800178,1610612739,Cleveland,Cavaliers,1626204,Larry,Nance Jr.,11790.0,14278.0,0.0,6.0,0.1
0021800178,1610612739,Cleveland,Cavaliers,1626204,Larry,Nance Jr.,14278.0,20180.0,0.0,2.0,0.25
0021800178,1610612739,Cleveland,Cavaliers,1626204,Larry,Nance Jr.,24920.0,28670.0,0.0,6.0,0.071
0021800178,1610612739,Cleveland,Cavaliers,1627790,Ante,Zizic,4500.0,8440.0,2.0,-7.0,0.333
0021800178,1610612739,Cleveland,Cavaliers,1627790,Ante,Zizic,19010.0,23500.0,2.0,-6.0,0.188
0021800178,1610612739,Cleveland,Cavaliers,1628021,David,Nwaba,6370.0,11790.0,1.0,3.0,0.227
0021800178,1610612739,Cleveland,Cavaliers,1628021,David,Nwaba,14278.0,14366.0,0.0,0.0,0.0
0021800178,1610612739,Cleveland,Cavaliers,1628021,David,Nwaba,20180.0,24920.0,4.0,-8.0,0.111
0021800178,1610612739,Cleveland,Cavaliers,1629012,Collin,Sexton,0.0,7200.0,7.0,-14.0,0.214
0021800178,1610612739,Cleveland,Cavaliers,1629012,Collin,Sexton,11790.0,20180.0,13.0,7.0,0.212
0021800178,1610612739,Cleveland,Cavaliers,1629012,Collin,Sexton,23790.0,28800.0,0.0,0.0,0.25
0021801081,1610612739,Cleveland,Cavaliers,201567,Kevin,Love,0.0,4620.0,7.0,5.0,0.294
0021801081,1610612739,Cleveland,Cavaliers,201567,Kevin,Love,9700.0,19270.0,13.0,-18.0,0.242
0021801081,1610612739,Cleveland,Cavaliers,201567,Kevin,Love,23310.0,28693.0,2.0,6.0,0.182
0021801081,1610612739,Cleveland,Cavaliers,201567,Kevin,Love,28736.0,28800.0,0.0,0.0,0.0
0021801081,1610612739,Cleveland,Cavaliers,202684,Tristan,Thompson,4620.0,8010.0,2.0,4.0,0.2
0021801081,1610612739,Cleveland,Cavaliers,202684,Tristan,Thompson,11460.0,14400.0,0.0,-2.0,0.1
0021801081,1610612739,Cleveland,Cavaliers,202684,Tristan,Thompson,18130.0,23310.0,2.0,-5.0,0.238
0021801081,1610612739,Cleveland,Cavaliers,202688,Brandon,Knight,0.0,3110.0,2.0,5.0,0.091
0021801081,1610612739,Cleveland,Cavaliers,202688,Brandon,Knight,5770.0,10840.0,3.0,2.0,0.263
0021801081,1610612739,Cleveland,Cavaliers,202688,Brandon,Knight,14400.0,18130.0,2.0,-4.0,0.333
0021801081,1610612739,Cleveland,Cavaliers,203903,Jordan,Clarkson,3110.0,9700.0,10.0,7.0,0.231
0021801081,1610612739,Cleveland,Cavaliers,203903,Jordan,Clarkson,11640.0,14400.0,0.0,-2.0,0.1
0021801081,1610612739,Cleveland,Cavaliers,203903,Jordan,Clarkson,18130.0,28800.0,10.0,0.0,0.341
0021801081,1610612739,Cleveland,Cavaliers,203917,Nik,Stauskas,20140.0,24190.0,0.0,1.0,0.056
0021801081,1610612739,Cleveland,Cavaliers,203917,Nik,Stauskas,28740.0,28800.0,0.0,0.0,0.0
0021801081,1610612739,Cleveland,Cavaliers,1626204,Larry,Nance Jr.,4620.0,9700.0,5.0,7.0,0.15
0021801081,1610612739,Cleveland,Cavaliers,1626204,Larry,Nance Jr.,19270.0,28740.0,9.0,4.0,0.175
0021801081,1610612739,Cleveland,Cavaliers,1626224,Cedi,Osman,0.0,6738.0,7.0,9.0,0.2
0021801081,1610612739,Cleveland,Cavaliers,1626224,Cedi,Osman,10840.0,20270.0,1.0,-17.0,0.121
0021801081,1610612739,Cleveland,Cavaliers,1626224,Cedi,Osman,24190.0,28800.0,3.0,7.0,0.15
0021801081,1610612739,Cleveland,Cavaliers,1627737,Marquese,Chriss,8010.0,11460.0,2.0,-5.0,0.154
0021801081,1610612739,Cleveland,Cavaliers,1627790,Ante,Zizic,0.0,4620.0,0.0,5.0,0.118
0021801081,1610612739,Cleveland,Cavaliers,1627790,Ante,Zizic,14400.0,18130.0,0.0,-4.0,0.167
0021801081,1610612739,Cleveland,Cavaliers,1628021,David,Nwaba,6738.0,11640.0,2.0,-5.0,0.056
0021801081,1610612739,Cleveland,Cavaliers,1628021,David,Nwaba,20270.0,26680.0,6.0,2.0,0.138
0021801081,1610612739,Cleveland,Cavaliers,1628021,David,Nwaba,28693.0,28736.0,0.0,-1.0,0.0
0021801081,1610612739,Cleveland,Cavaliers,1629012,Collin,Sexton,0.0,5770.0,9.0,6.0,0.273
0021801081,1610612739,Cleveland,Cavaliers,1629012,Collin,Sexton,9700.0,20140.0,11.0,-22.0,0.278
0021801081,1610612739,Cleveland,Cavaliers,1629012,Collin,Sexton,26680.0,28800.0,0.0,5.0,0.111
0021800935,1610612739,Cleveland,Cavaliers,101112,Channing,Frye,5290.0,9870.0,5.0,-11.0,0.188
0021800935,1610612739,Cleveland,Cavaliers,101112,Channing,Frye,21097.0,28800.0,3.0,-8.0,0.107
0021800935,1610612739,Cleveland,Cavaliers,202688,Brandon,Knight,0.0,3330.0,3.0,-8.0,0.333
0021800935,1610612739,Cleveland,Cavaliers,202688,Brandon,Knight,9870.0,18560.0,7.0,-10.0,0.147
0021800935,1610612739,Cleveland,Cavaliers,203521,Matthew,Dellavedova,4850.0,8840.0,2.0,-11.0,0.077
0021800935,1610612739,Cleveland,Cavaliers,203521,Matthew,Dellavedova,22220.0,28800.0,0.0,-2.0,0.154
0021800935,1610612739,Cleveland,Cavaliers,203903,Jordan,Clarkson,3330.0,9870.0,3.0,-15.0,0.261
0021800935,1610612739,Cleveland,Cavaliers,203903,Jordan,Clarkson,18560.0,25940.0,8.0,-1.0,0.296
0021800935,1610612739,Cleveland,Cavaliers,203917,Nik,Stauskas,7200.0,10800.0,2.0,-8.0,0.133
0021800935,1610612739,Cleveland,Cavaliers,203917,Nik,Stauskas,22220.0,28800.0,6.0,-2.0,0.192
0021800935,1610612739,Cleveland,Cavaliers,1626204,Larry,Nance Jr.,0.0,5290.0,5.0,-12.0,0.211
0021800935,1610612739,Cleveland,Cavaliers,1626204,Larry,Nance Jr.,10800.0,21097.0,6.0,-1.0,0.179
0021800935,1610612739,Cleveland,Cavaliers,1626224,Cedi,Osman,0.0,7200.0,2.0,-19.0,0.12
0021800935,1610612739,Cleveland,Cavaliers,1626224,Cedi,Osman,10160.0,22220.0,8.0,-9.0,0.196
0021800935,1610612739,Cleveland,Cavaliers,1627737,Marquese,Chriss,0.0,3440.0,0.0,-10.0,0.25
0021800935,1610612739,Cleveland,Cavaliers,1627737,Marquese,Chriss,9870.0,18840.0,9.0,-15.0,0.333
0021800935,1610612739,Cleveland,Cavaliers,1628021,David,Nwaba,3440.0,10160.0,6.0,-15.0,0.125
0021800935,1610612739,Cleveland,Cavaliers,1628021,David,Nwaba,18840.0,28800.0,2.0,2.0,0.135
0021800935,1610612739,Cleveland,Cavaliers,1629012,Collin,Sexton,0.0,4850.0,2.0,-12.0,0.278
0021800935,1610612739,Cleveland,Cavaliers,1629012,Collin,Sexton,8840.0,22220.0,10.0,-11.0,0.212
0021800935,1610612739,Cleveland,Cavaliers,1629012,Collin,Sexton,25940.0,28800.0,4.0,-2.0,0.273
0021801008,1610612739,Cleveland,Cavaliers,101112,Channing,Frye,2980.0,5530.0,0.0,-6.0,0.364
0021801008,1610612739,Cleveland,Cavaliers,101112,Channing,Frye,9470.0,11850.0,0.0,7.0,0.111
0021801008,1610612739,Cleveland,Cavaliers,101112,Channing,Frye,18230.0,21600.0,3.0,1.0,0.154
0021801008,1610612739,Cleveland,Cavaliers,202688,Brandon,Knight,0.0,3510.0,4.0,-8.0,0.2
0021801008,1610612739,Cleveland,Cavaliers,202688,Brandon,Knight,5410.0,10260.0,5.0,5.0,0.158
0021801008,1610612739,Cleveland,Cavaliers,202688,Brandon,Knight,14400.0,18230.0,0.0,1.0,0.063
0021801008,1610612739,Cleveland,Cavaliers,202688,Brandon,Knight,21600.0,25100.0,2.0,-3.0,0.308
0021801008,1610612739,Cleveland,Cavaliers,203903,Jordan,Clarkson,3510.0,8990.0,4.0,0.0,0.333
0021801008,1610612739,Cleveland,Cavaliers,203903,Jordan,Clarkson,10260.0,14400.0,2.0,1.0,0.176
0021801008,1610612739,Cleveland,Cavaliers,203903,Jordan,Clarkson,18230.0,23840.0,3.0,-3.0,0.286
0021801008,1610612739,Cleveland,Cavaliers,203903,Jordan,Clarkson,25890.0,28800.0,4.0,3.0,0.5
0021801008,1610612739,Cleveland,Cavaliers,203917,Nik,Stauskas,5410.0,9470.0,6.0,2.0,0.235
0021801008,1610612739,Cleveland,Cavaliers,203917,Nik,Stauskas,19720.0,25890.0,3.0,-5.0,0.115
0021801008,1610612739,Cleveland,Cavaliers,203917,Nik,Stauskas,28602.0,28800.0,0.0,0.0,0.0
0021801008,1610612739,Cleveland,Cavaliers,1626224,Cedi,Osman,0.0,5410.0,0.0,-12.0,0.182
0021801008,1610612739,Cleveland,Cavaliers,1626224,Cedi,Osman,8990.0,19720.0,13.0,3.0,0.262
0021801008,1610612739,Cleveland,Cavaliers,1626224,Cedi,Osman,23550.0,28800.0,5.0,-1.0,0.286
0021801008,1610612739,Cleveland,Cavaliers,1627790,Ante,Zizic,0.0,2980.0,2.0,-6.0,0.231
0021801008,1610612739,Cleveland,Cavaliers,1627790,Ante,Zizic,5530.0,9470.0,4.0,2.0,0.125
0021801008,1610612739,Cleveland,Cavaliers,1627790,Ante,Zizic,11850.0,18230.0,4.0,-2.0,0.222
0021801008,1610612739,Cleveland,Cavaliers,1627790,Ante,Zizic,21600.0,28800.0,2.0,-3.0,0.107
0021801008,1610612739,Cleveland,Cavaliers,1628021,David,Nwaba,0.0,3510.0,0.0,-8.0,0.067
0021801008,1610612739,Cleveland,Cavaliers,1628021,David,Nwaba,8990.0,18910.0,5.0,3.0,0.128
0021801008,1610612739,Cleveland,Cavaliers,1628021,David,Nwaba,23840.0,28602.0,2.0,1.0,0.053
0021801008,1610612739,Cleveland,Cavaliers,1629012,Collin,Sexton,0.0,5410.0,0.0,-12.0,0.136
0021801008,1610612739,Cleveland,Cavaliers,1629012,Collin,Sexton,9470.0,21600.0,24.0,6.0,0.333
0021801008,1610612739,Cleveland,Cavaliers,1629012,Collin,Sexton,25100.0,28800.0,2.0,0.0,0.067
0021801008,1610612739,Cleveland,Cavaliers,1629061,Deng,Adel,3510.0,8990.0,0.0,0.0,0.095
0021801008,1610612739,Cleveland,Cavaliers,1629061,Deng,Adel,18910.0,23550.0,0.0,-1.0,0.0
0021801196,1610612739,Cleveland,Cavaliers,101112,Channing,Frye,0.0,4470.0,3.0,-2.0,0.188
0021801196,1610612739,Cleveland,Cavaliers,101112,Channing,Frye,14400.0,17040.0,0.0,3.0,0.143
0021801196,1610612739,Cleveland,Cavaliers,101112,Channing,Frye,25360.0,27860.0,2.0,3.0,0.333
0021801196,1610612739,Cleveland,Cavaliers,201567,Kevin,Love,3930.0,8810.0,5.0,1.0,0.15
0021801196,1610612739,Cleveland,Cavaliers,201567,Kevin,Love,11630.0,14400.0,0.0,-6.0,0.083
0021801196,1610612739,Cleveland,Cavaliers,202688,Brandon,Knight,0.0,4470.0,2.0,-2.0,0.25
0021801196,1610612739,Cleveland,Cavaliers,202688,Brandon,Knight,7200.0,11630.0,6.0,-10.0,0.313
0021801196,1610612739,Cleveland,Cavaliers,202688,Brandon,Knight,14400.0,18280.0,0.0,5.0,0.25
0021801196,1610612739,Cleveland,Cavaliers,202688,Brandon,Knight,23510.0,26680.0,8.0,-2.0,0.417
0021801196,1610612739,Cleveland,Cavaliers,203903,Jordan,Clarkson,4470.0,9860.0,0.0,-3.0,0.286
0021801196,1610612739,Cleveland,Cavaliers,203903,Jordan,Clarkson,11630.0,14400.0,0.0,-6.0,0.083
0021801196,1610612739,Cleveland,Cavaliers,203903,Jordan,Clarkson,18280.0,25300.0,2.0,-15.0,0.154
0021801196,1610612739,Cleveland,Cavaliers,1626204,Larry,Nance Jr.,0.0,3930.0,2.0,-4.0,0.133
0021801196,1610612739,Cleveland,Cavaliers,1626204,Larry,Nance Jr.,8810.0,12640.0,5.0,-6.0,0.133
0021801196,1610612739,Cleveland,Cavaliers,1626204,Larry,Nance Jr.,14400.0,19530.0,2.0,5.0,0.176
0021801196,1610612739,Cleveland,Cavaliers,1626204,Larry,Nance Jr.,21600.0,28800.0,2.0,-6.0,0.074
0021801196,1610612739,Cleveland,Cavaliers,1626224,Cedi,Osman,0.0,4950.0,0.0,-2.0,0.111
0021801196,1610612739,Cleveland,Cavaliers,1626224,Cedi,Osman,8810.0,21600.0,10.0,-13.0,0.208
0021801196,1610612739,Cleveland,Cavaliers,1626224,Cedi,Osman,25300.0,28800.0,2.0,4.0,0.125
0021801196,1610612739,Cleveland,Cavaliers,1627737,Marquese,Chriss,8810.0,11630.0,0.0,-7.0,0.111
0021801196,1610612739,Cleveland,Cavaliers,1627737,Marquese,Chriss,21600.0,25360.0,2.0,-9.0,0.25
0021801196,1610612739,Cleveland,Cavaliers,1627790,Ante,Zizic,4950.0,8810.0,8.0,-1.0,0.222
0021801196,1610612739,Cleveland,Cavaliers,1627790,Ante,Zizic,12640.0,14400.0,0.0,-7.0,0.0
0021801196,1610612739,Cleveland,Cavaliers,1627790,Ante,Zizic,17040.0,21600.0,6.0,-3.0,0.333
0021801196,1610612739,Cleveland,Cavaliers,1628021,David,Nwaba,4470.0,8810.0,0.0,-1.0,0.263
0021801196,1610612739,Cleveland,Cavaliers,1628021,David,Nwaba,19530.0,25300.0,2.0,-15.0,0.143
0021801196,1610612739,Cleveland,Cavaliers,1628021,David,Nwaba,27860.0,28800.0,0.0,0.0,0.0
0021801196,1610612739,Cleveland,Cavaliers,1629012,Collin,Sexton,0.0,7200.0,9.0,0.0,0.222
0021801196,1610612739,Cleveland,Cavaliers,1629012,Collin,Sexton,9860.0,23510.0,5.0,-18.0,0.196
0021801196,1610612739,Cleveland,Cavaliers,1629012,Collin,Sexton,25300.0,28800.0,2.0,4.0,0.188
0021801196,1610612739,Cleveland,Cavaliers,1629061,Deng,Adel,26680.0,28800.0,5.0,3.0,0.3
0021800644,1610612739,Cleveland,Cavaliers,202684,Tristan,Thompson,0.0,6110.0,2.0,11.0,0.048
0021800644,1610612739,Cleveland,Cavaliers,202684,Tristan,Thompson,9070.0,20130.0,10.0,4.0,0.2
0021800644,1610612739,Cleveland,Cavaliers,202684,Tristan,Thompson,23430.0,28574.0,3.0,-5.0,0.316
0021800644,1610612739,Cleveland,Cavaliers,202684,Tristan,Thompson,28636.0,28692.0,0.0,-2.0,0.0
0021800644,1610612739,Cleveland,Cavaliers,202684,Tristan,Thompson,28702.0,28800.0,0.0,1.0,0.0
0021800644,1610612739,Cleveland,Cavaliers,202692,Alec,Burks,0.0,6896.0,5.0,10.0,0.115
0021800644,1610612739,Cleveland,Cavaliers,202692,Alec,Burks,10400.0,12070.0,0.0,1.0,0.0
0021800644,1610612739,Cleveland,Cavaliers,202692,Alec,Burks,14400.0,19550.0,5.0,3.0,0.238
0021800644,1610612739,Cleveland,Cavaliers,202692,Alec,Burks,22790.0,28800.0,7.0,-4.0,0.24
0021800644,1610612739,Cleveland,Cavaliers,203521,Matthew,Dellavedova,6110.0,9930.0,3.0,-7.0,0.294
0021800644,1610612739,Cleveland,Cavaliers,203521,Matthew,Dellavedova,14045.0,14400.0,0.0,2.0,0.0
0021800644,1610612739,Cleveland,Cavaliers,203521,Matthew,Dellavedova,19550.0,25260.0,0.0,-3.0,0.048
0021800644,1610612739,Cleveland,Cavaliers,203521,Matthew,Dellavedova,28636.0,28692.0,0.0,-2.0,0.0
0021800644,1610612739,Cleveland,Cavaliers,203903,Jordan,Clarkson,3330.0,9930.0,5.0,0.0,0.259
0021800644,1610612739,Cleveland,Cavaliers,203903,Jordan,Clarkson,12070.0,14400.0,0.0,0.0,0.0
0021800644,1610612739,Cleveland,Cavaliers,203903,Jordan,Clarkson,17730.0,25260.0,4.0,-3.0,0.172
0021800644,1610612739,Cleveland,Cavaliers,203903,Jordan,Clarkson,28574.0,28636.0,0.0,2.0,0.0
0021800644,1610612739,Cleveland,Cavaliers,203903,Jordan,Clarkson,28692.0,28702.0,0.0,2.0,0.0
0021800644,1610612739,Cleveland,Cavaliers,203918,Rodney,Hood,0.0,3330.0,5.0,4.0,0.273
0021800644,1610612739,Cleveland,Cavaliers,203918,Rodney,Hood,9930.0,17730.0,9.0,4.0,0.333
0021800644,1610612739,Cleveland,Cavaliers,203918,Rodney,Hood,25260.0,28800.0,4.0,1.0,0.25
0021800644,1610612739,Cleveland,Cavaliers,1626166,Cameron,Payne,6896.0,10400.0,0.0,-6.0,0.143
0021800644,1610612739,Cleveland,Cavaliers,1626224,Cedi,Osman,0.0,6260.0,8.0,10.0,0.364
0021800644,1610612739,Cleveland,Cavaliers,1626224,Cedi,Osman,9070.0,22790.0,10.0,4.0,0.196
0021800644,1610612739,Cleveland,Cavaliers,1626224,Cedi,Osman,23430.0,28800.0,2.0,-2.0,0.091
0021800644,1610612739,Cleveland,Cavaliers,1627790,Ante,Zizic,6110.0,9070.0,0.0,-5.0,0.067
0021800644,1610612739,Cleveland,Cavaliers,1627790,Ante,Zizic,20130.0,23430.0,0.0,-2.0,0.0
0021800644,1610612739,Cleveland,Cavaliers,1628417,Jaron,Blossomgame,6260.0,9070.0,2.0,-4.0,0.143
0021800644,1610612739,Cleveland,Cavaliers,1628417,Jaron,Blossomgame,20750.0,23430.0,0.0,0.0,0.1
0021800644,1610612739,Cleveland,Cavaliers,1629012,Collin,Sexton,0.0,6110.0,7.0,11.0,0.19
0021800644,1610612739,Cleveland,Cavaliers,1629012,Collin,Sexton,9930.0,14045.0,3.0,-1.0,0.333
0021800644,1610612739,Cleveland,Cavaliers,1629012,Collin,Sexton,14400.0,20750.0,2.0,3.0,0.115
0021800644,1610612739,Cleveland,Cavaliers,1629012,Collin,Sexton,25260.0,28636.0,5.0,0.0,0.286
0021800644,1610612739,Cleveland,Cavaliers,1629012,Collin,Sexton,28692.0,28800.0,0.0,3.0,0.0
0021800112,1610612739,Cleveland,Cavaliers,2594,Kyle,Korver,5480.0,9140.0,0.0,-2.0,0.0
0021800112,1610612739,Cleveland,Cavaliers,2594,Kyle,Korver,20330.0,24730.0,0.0,-7.0,0.188
0021800112,1610612739,Cleveland,Cavaliers,2594,Kyle,Korver,25940.0,28800.0,0.0,7.0,0.091
0021800112,1610612739,Cleveland,Cavaliers,201588,George,Hill,0.0,4990.0,5.0,7.0,0.118
0021800112,1610612739,Cleveland,Cavaliers,201588,George,Hill,9140.0,13040.0,2.0,-11.0,0.263
0021800112,1610612739,Cleveland,Cavaliers,201588,George,Hill,14400.0,19800.0,3.0,-8.0,0.125
0021800112,1610612739,Cleveland,Cavaliers,202684,Tristan,Thompson,0.0,4990.0,6.0,7.0,0.176
0021800112,1610612739,Cleveland,Cavaliers,202684,Tristan,Thompson,10230.0,21600.0,4.0,-21.0,0.098
0021800112,1610612739,Cleveland,Cavaliers,202684,Tristan,Thompson,25360.0,25940.0,0.0,-3.0,0.0
0021800112,1610612739,Cleveland,Cavaliers,203903,Jordan,Clarkson,4990.0,10340.0,9.0,-3.0,0.286
0021800112,1610612739,Cleveland,Cavaliers,203903,Jordan,Clarkson,14060.0,14400.0,0.0,0.0,0.333
0021800112,1610612739,Cleveland,Cavaliers,203903,Jordan,Clarkson,19800.0,25940.0,8.0,-10.0,0.348
0021800112,1610612739,Cleveland,Cavaliers,203918,Rodney,Hood,0.0,4460.0,2.0,9.0,0.313
0021800112,1610612739,Cleveland,Cavaliers,203918,Rodney,Hood,9140.0,14060.0,2.0,-13.0,0.136
0021800112,1610612739,Cleveland,Cavaliers,203918,Rodney,Hood,14400.0,20330.0,4.0,-8.0,0.167
0021800112,1610612739,Cleveland,Cavaliers,203918,Rodney,Hood,24730.0,25940.0,0.0,-3.0,0.167
0021800112,1610612739,Cleveland,Cavaliers,1626155,Sam,Dekker,0.0,5480.0,0.0,7.0,0.15
0021800112,1610612739,Cleveland,Cavaliers,1626155,Sam,Dekker,10230.0,14060.0,0.0,-12.0,0.118
0021800112,1610612739,Cleveland,Cavaliers,1626155,Sam,Dekker,14400.0,19800.0,4.0,-8.0,0.25
0021800112,1610612739,Cleveland,Cavaliers,1626155,Sam,Dekker,21600.0,24730.0,0.0,-6.0,0.083
0021800112,1610612739,Cleveland,Cavaliers,1626155,Sam,Dekker,25940.0,28800.0,2.0,7.0,0.182
0021800112,1610612739,Cleveland,Cavaliers,1626204,Larry,Nance Jr.,4990.0,10230.0,4.0,-3.0,0.25
0021800112,1610612739,Cleveland,Cavaliers,1626204,Larry,Nance Jr.,14060.0,14400.0,2.0,0.0,0.333
0021800112,1610612739,Cleveland,Cavaliers,1626204,Larry,Nance Jr.,19800.0,25360.0,2.0,-7.0,0.15
0021800112,1610612739,Cleveland,Cavaliers,1626224,Cedi,Osman,0.0,7200.0,8.0,12.0,0.2
0021800112,1610612739,Cleveland,Cavaliers,1626224,Cedi,Osman,10340.0,19800.0,5.0,-20.0,0.25
0021800112,1610612739,Cleveland,Cavaliers,1626224,Cedi,Osman,24730.0,25940.0,0.0,-3.0,0.167
0021800112,1610612739,Cleveland,Cavaliers,1627790,Ante,Zizic,25940.0,28800.0,3.0,7.0,0.364
0021800112,1610612739,Cleveland,Cavaliers,1628021,David,Nwaba,7200.0,10230.0,0.0,-8.0,0.0
0021800112,1610612739,Cleveland,Cavaliers,1628021,David,Nwaba,25940.0,28800.0,4.0,7.0,0.182
0021800112,1610612739,Cleveland,Cavaliers,1629012,Collin,Sexton,4460.0,9140.0,2.0,-4.0,0.375
0021800112,1610612739,Cleveland,Cavaliers,1629012,Collin,Sexton,13040.0,14400.0,0.0,-2.0,0.286
0021800112,1610612739,Cleveland,Cavaliers,1629012,Collin,Sexton,19800.0,28800.0,10.0,-3.0,0.212
0021800313,1610612739,Cleveland,Cavaliers,202684,Tristan,Thompson,0.0,6756.0,0.0,7.0,0.154
0021800313,1610612739,Cleveland,Cavaliers,202684,Tristan,Thompson,9920.0,20250.0,4.0,-13.0,0.15
0021800313,1610612739,Cleveland,Cavaliers,202684,Tristan,Thompson,23750.0,27640.0,0.0,4.0,0.067
0021800313,1610612739,Cleveland,Cavaliers,203903,Jordan,Clarkson,4520.0,14400.0,18.0,3.0,0.3
0021800313,1610612739,Cleveland,Cavaliers,203903,Jordan,Clarkson,18090.0,24270.0,2.0,-11.0,0.28
0021800313,1610612739,Cleveland,Cavaliers,203903,Jordan,Clarkson,25870.0,28800.0,5.0,-2.0,0.4
0021800313,1610612739,Cleveland,Cavaliers,203918,Rodney,Hood,0.0,8100.0,5.0,7.0,0.156
0021800313,1610612739,Cleveland,Cavaliers,203918,Rodney,Hood,10560.0,20250.0,5.0,-15.0,0.162
0021800313,1610612739,Cleveland,Cavaliers,203918,Rodney,Hood,24270.0,27640.0,2.0,6.0,0.167
0021800313,1610612739,Cleveland,Cavaliers,1626150,Andrew,Harrison,6756.0,9920.0,0.0,-1.0,0.231
0021800313,1610612739,Cleveland,Cavaliers,1626150,Andrew,Harrison,20880.0,23750.0,0.0,-9.0,0.25
0021800313,1610612739,Cleveland,Cavaliers,1626150,Andrew,Harrison,27640.0,28800.0,0.0,-5.0,0.333
0021800313,1610612739,Cleveland,Cavaliers,1626204,Larry,Nance Jr.,0.0,4520.0,0.0,-3.0,0.056
0021800313,1610612739,Cleveland,Cavaliers,1626204,Larry,Nance Jr.,6756.0,10560.0,2.0,1.0,0.133
0021800313,1610612739,Cleveland,Cavaliers,1626204,Larry,Nance Jr.,14400.0,18090.0,0.0,-7.0,0.0
0021800313,1610612739,Cleveland,Cavaliers,1626204,Larry,Nance Jr.,19460.0,28800.0,5.0,-12.0,0.086
0021800313,1610612739,Cleveland,Cavaliers,1626224,Cedi,Osman,0.0,6756.0,7.0,7.0,0.192
0021800313,1610612739,Cleveland,Cavaliers,1626224,Cedi,Osman,8100.0,19460.0,7.0,-12.0,0.186
0021800313,1610612739,Cleveland,Cavaliers,1626224,Cedi,Osman,20250.0,25870.0,0.0,-8.0,0.087
0021800313,1610612739,Cleveland,Cavaliers,1627790,Ante,Zizic,6756.0,9920.0,0.0,-1.0,0.231
0021800313,1610612739,Cleveland,Cavaliers,1627790,Ante,Zizic,20250.0,23750.0,0.0,-9.0,0.2
0021800313,1610612739,Cleveland,Cavaliers,1627790,Ante,Zizic,27640.0,28800.0,0.0,-5.0,0.333
0021800313,1610612739,Cleveland,Cavaliers,1629012,Collin,Sexton,0.0,6756.0,4.0,7.0,0.231
0021800313,1610612739,Cleveland,Cavaliers,1629012,Collin,Sexton,9920.0,20880.0,8.0,-13.0,0.279
0021800313,1610612739,Cleveland,Cavaliers,1629012,Collin,Sexton,23750.0,28800.0,9.0,-1.0,0.278
0021800153,1610612739,Cleveland,Cavaliers,2594,Kyle,Korver,5870.0,9370.0,1.0,-2.0,0.158
0021800153,1610612739,Cleveland,Cavaliers,2594,Kyle,Korver,19590.0,28800.0,6.0,1.0,0.194
0021800153,1610612739,Cleveland,Cavaliers,2747,JR,Smith,0.0,4690.0,0.0,-4.0,0.278
0021800153,1610612739,Cleveland,Cavaliers,2747,JR,Smith,6937.0,8510.0,0.0,0.0,0.333
0021800153,1610612739,Cleveland,Cavaliers,2747,JR,Smith,12680.0,19590.0,7.0,-9.0,0.308
0021800153,1610612739,Cleveland,Cavaliers,2747,JR,Smith,21099.0,27290.0,6.0,-1.0,0.208
0021800153,1610612739,Cleveland,Cavaliers,202684,Tristan,Thompson,0.0,5870.0,4.0,-3.0,0.286
0021800153,1610612739,Cleveland,Cavaliers,202684,Tristan,Thompson,10070.0,19870.0,4.0,-8.0,0.162
0021800153,1610612739,Cleveland,Cavaliers,202684,Tristan,Thompson,25710.0,28800.0,2.0,-7.0,0.154
0021800153,1610612739,Cleveland,Cavaliers,203903,Jordan,Clarkson,4690.0,14400.0,7.0,-4.0,0.238
0021800153,1610612739,Cleveland,Cavaliers,203903,Jordan,Clarkson,18760.0,28800.0,4.0,-1.0,0.256
0021800153,1610612739,Cleveland,Cavaliers,203918,Rodney,Hood,0.0,5870.0,1.0,-3.0,0.048
0021800153,1610612739,Cleveland,Cavaliers,203918,Rodney,Hood,9370.0,12680.0,3.0,4.0,0.154
0021800153,1610612739,Cleveland,Cavaliers,203918,Rodney,Hood,14373.0,18760.0,7.0,-3.0,0.4
0021800153,1610612739,Cleveland,Cavaliers,1626204,Larry,Nance Jr.,3510.0,10210.0,4.0,5.0,0.161
0021800153,1610612739,Cleveland,Cavaliers,1626204,Larry,Nance Jr.,14400.0,19590.0,2.0,-2.0,0.167
0021800153,1610612739,Cleveland,Cavaliers,1626204,Larry,Nance Jr.,27290.0,28800.0,0.0,-1.0,0.0
0021800153,1610612739,Cleveland,Cavaliers,1626224,Cedi,Osman,0.0,3510.0,0.0,-5.0,0.077
0021800153,1610612739,Cleveland,Cavaliers,1627790,Ante,Zizic,5870.0,10070.0,4.0,1.0,0.238
0021800153,1610612739,Cleveland,Cavaliers,1627790,Ante,Zizic,19870.0,25710.0,6.0,8.0,0.227
0021800153,1610612739,Cleveland,Cavaliers,1628021,David,Nwaba,10210.0,14400.0,3.0,-8.0,0.111
0021800153,1610612739,Cleveland,Cavaliers,1628021,David,Nwaba,19590.0,23250.0,0.0,-1.0,0.067
0021800153,1610612739,Cleveland,Cavaliers,1629012,Collin,Sexton,0.0,6937.0,9.0,-3.0,0.2
0021800153,1610612739,Cleveland,Cavaliers,1629012,Collin,Sexton,8510.0,14373.0,2.0,-2.0,0.185
0021800153,1610612739,Cleveland,Cavaliers,1629012,Collin,Sexton,14400.0,21099.0,4.0,1.0,0.154
0021800153,1610612739,Cleveland,Cavaliers,1629012,Collin,Sexton,23250.0,28800.0,0.0,2.0,0.136
0021800979,1610612739,Cleveland,Cavaliers,201567,Kevin,Love,0.0,4610.0,10.0,-1.0,0.357
0021800979,1610612739,Cleveland,Cavaliers,201567,Kevin,Love,9820.0,17970.0,8.0,-5.0,0.344
0021800979,1610612739,Cleveland,Cavaliers,201567,Kevin,Love,21600.0,27220.0,1.0,-8.0,0.059
0021800979,1610612739,Cleveland,Cavaliers,202688,Brandon,Knight,0.0,3320.0,0.0,0.0,0.0
0021800979,1610612739,Cleveland,Cavaliers,202688,Brandon,Knight,6020.0,11250.0,13.0,2.0,0.368
0021800979,1610612739,Cleveland,Cavaliers,202688,Brandon,Knight,14400.0,17000.0,0.0,-1.0,0.0
0021800979,1610612739,Cleveland,Cavaliers,202688,Brandon,Knight,19850.0,24030.0,2.0,-1.0,0.308
0021800979,1610612739,Cleveland,Cavaliers,203903,Jordan,Clarkson,3320.0,9820.0,6.0,0.0,0.2
0021800979,1610612739,Cleveland,Cavaliers,203903,Jordan,Clarkson,17000.0,24030.0,9.0,-7.0,0.25
0021800979,1610612739,Cleveland,Cavaliers,203903,Jordan,Clarkson,25070.0,28800.0,6.0,-4.0,0.231
0021800979,1610612739,Cleveland,Cavaliers,203917,Nik,Stauskas,6020.0,8630.0,3.0,-1.0,0.222
0021800979,1610612739,Cleveland,Cavaliers,203917,Nik,Stauskas,20770.0,25070.0,5.0,-5.0,0.333
0021800979,1610612739,Cleveland,Cavaliers,1626204,Larry,Nance Jr.,0.0,3320.0,0.0,0.0,0.0
0021800979,1610612739,Cleveland,Cavaliers,1626204,Larry,Nance Jr.,8630.0,15400.0,0.0,0.0,0.038
0021800979,1610612739,Cleveland,Cavaliers,1626224,Cedi,Osman,0.0,6020.0,0.0,-1.0,0.19
0021800979,1610612739,Cleveland,Cavaliers,1626224,Cedi,Osman,10040.0,20770.0,5.0,-5.0,0.2
0021800979,1610612739,Cleveland,Cavaliers,1626224,Cedi,Osman,24030.0,28800.0,0.0,-8.0,0.063
0021800979,1610612739,Cleveland,Cavaliers,1627737,Marquese,Chriss,3320.0,7200.0,4.0,1.0,0.133
0021800979,1610612739,Cleveland,Cavaliers,1627737,Marquese,Chriss,15400.0,19850.0,4.0,-5.0,0.222
0021800979,1610612739,Cleveland,Cavaliers,1627737,Marquese,Chriss,23490.0,26160.0,0.0,-10.0,0.125
0021800979,1610612739,Cleveland,Cavaliers,1627790,Ante,Zizic,7200.0,9820.0,1.0,-1.0,0.3
0021800979,1610612739,Cleveland,Cavaliers,1627790,Ante,Zizic,19850.0,23490.0,0.0,-2.0,0.0
0021800979,1610612739,Cleveland,Cavaliers,1627790,Ante,Zizic,26160.0,28800.0,5.0,3.0,0.3
0021800979,1610612739,Cleveland,Cavaliers,1628021,David,Nwaba,4610.0,10040.0,0.0,-1.0,0.0
0021800979,1610612739,Cleveland,Cavaliers,1628021,David,Nwaba,11250.0,14400.0,1.0,-1.0,0.077
0021800979,1610612739,Cleveland,Cavaliers,1628021,David,Nwaba,17970.0,21600.0,0.0,-6.0,0.077
0021800979,1610612739,Cleveland,Cavaliers,1628021,David,Nwaba,27220.0,28800.0,0.0,3.0,0.0
0021800979,1610612739,Cleveland,Cavaliers,1629012,Collin,Sexton,0.0,6020.0,6.0,-1.0,0.429
0021800979,1610612739,Cleveland,Cavaliers,1629012,Collin,Sexton,9820.0,19850.0,16.0,-7.0,0.231
0021800979,1610612739,Cleveland,Cavaliers,1629012,Collin,Sexton,24030.0,28800.0,5.0,-8.0,0.438
0021801050,1610612739,Cleveland,Cavaliers,101112,Channing,Frye,7200.0,9270.0,0.0,-4.0,0.0
0021801050,1610612739,Cleveland,Cavaliers,202688,Brandon,Knight,0.0,3170.0,2.0,3.0,0.154
0021801050,1610612739,Cleveland,Cavaliers,202688,Brandon,Knight,4460.0,9270.0,10.0,-13.0,0.294
0021801050,1610612739,Cleveland,Cavaliers,202688,Brandon,Knight,10990.0,12510.0,2.0,6.0,0.286
0021801050,1610612739,Cleveland,Cavaliers,202688,Brandon,Knight,14400.0,18150.0,2.0,2.0,0.167
0021801050,1610612739,Cleveland,Cavaliers,202688,Brandon,Knight,19470.0,23730.0,0.0,9.0,0.154
0021801050,1610612739,Cleveland,Cavaliers,203903,Jordan,Clarkson,3170.0,10990.0,4.0,-9.0,0.222
0021801050,1610612739,Cleveland,Cavaliers,203903,Jordan,Clarkson,12510.0,14400.0,2.0,-1.0,0.143
0021801050,1610612739,Cleveland,Cavaliers,203903,Jordan,Clarkson,18150.0,24860.0,8.0,-4.0,0.238
0021801050,1610612739,Cleveland,Cavaliers,203917,Nik,Stauskas,4010.0,9790.0,2.0,-13.0,0.158
0021801050,1610612739,Cleveland,Cavaliers,203917,Nik,Stauskas,19990.0,28800.0,15.0,10.0,0.222
0021801050,1610612739,Cleveland,Cavaliers,1626224,Cedi,Osman,0.0,7200.0,4.0,-7.0,0.179
0021801050,1610612739,Cleveland,Cavaliers,1626224,Cedi,Osman,9790.0,21600.0,12.0,8.0,0.167
0021801050,1610612739,Cleveland,Cavaliers,1626224,Cedi,Osman,24860.0,28800.0,5.0,10.0,0.308
0021801050,1610612739,Cleveland,Cavaliers,1627737,Marquese,Chriss,3170.0,7200.0,2.0,-10.0,0.2
0021801050,1610612739,Cleveland,Cavaliers,1627737,Marquese,Chriss,13430.0,14400.0,0.0,2.0,0.2
0021801050,1610612739,Cleveland,Cavaliers,1627737,Marquese,Chriss,18150.0,24860.0,8.0,-4.0,0.238
0021801050,1610612739,Cleveland,Cavaliers,1627790,Ante,Zizic,0.0,3170.0,2.0,3.0,0.231
0021801050,1610612739,Cleveland,Cavaliers,1627790,Ante,Zizic,9270.0,13430.0,4.0,8.0,0.267
0021801050,1610612739,Cleveland,Cavaliers,1627790,Ante,Zizic,14400.0,18150.0,1.0,2.0,0.083
0021801050,1610612739,Cleveland,Cavaliers,1627790,Ante,Zizic,24860.0,28800.0,1.0,10.0,0.077
0021801050,1610612739,Cleveland,Cavaliers,1628021,David,Nwaba,0.0,4010.0,4.0,4.0,0.176
0021801050,1610612739,Cleveland,Cavaliers,1628021,David,Nwaba,7200.0,19990.0,6.0,4.0,0.091
0021801050,1610612739,Cleveland,Cavaliers,1628021,David,Nwaba,21600.0,28800.0,3.0,8.0,0.136
0021801050,1610612739,Cleveland,Cavaliers,1629012,Collin,Sexton,0.0,4460.0,7.0,2.0,0.333
0021801050,1610612739,Cleveland,Cavaliers,1629012,Collin,Sexton,9270.0,19470.0,11.0,6.0,0.306
0021801050,1610612739,Cleveland,Cavaliers,1629012,Collin,Sexton,23730.0,28800.0,9.0,3.0,0.25
0021800490,1610612739,Cleveland,Cavaliers,101112,Channing,Frye,12940.0,14400.0,3.0,6.0,0.333
0021800490,1610612739,Cleveland,Cavaliers,202692,Alec,Burks,0.0,4400.0,6.0,1.0,0.105
0021800490,1610612739,Cleveland,Cavaliers,202692,Alec,Burks,8690.0,18580.0,2.0,-4.0,0.235
0021800490,1610612739,Cleveland,Cavaliers,202692,Alec,Burks,25230.0,27850.0,4.0,-1.0,0.222
0021800490,1610612739,Cleveland,Cavaliers,203521,Matthew,Dellavedova,5510.0,10070.0,6.0,4.0,0.176
0021800490,1610612739,Cleveland,Cavaliers,203521,Matthew,Dellavedova,18580.0,25230.0,4.0,-15.0,0.304
0021800490,1610612739,Cleveland,Cavaliers,203903,Jordan,Clarkson,3580.0,11700.0,8.0,4.0,0.207
0021800490,1610612739,Cleveland,Cavaliers,203903,Jordan,Clarkson,12010.0,14400.0,2.0,3.0,0.1
0021800490,1610612739,Cleveland,Cavaliers,203903,Jordan,Clarkson,17220.0,25230.0,7.0,-17.0,0.276
0021800490,1610612739,Cleveland,Cavaliers,1626204,Larry,Nance Jr.,0.0,4400.0,4.0,1.0,0.158
0021800490,1610612739,Cleveland,Cavaliers,1626204,Larry,Nance Jr.,9210.0,12940.0,8.0,-2.0,0.5
0021800490,1610612739,Cleveland,Cavaliers,1626204,Larry,Nance Jr.,14400.0,22140.0,3.0,-14.0,0.148
0021800490,1610612739,Cleveland,Cavaliers,1626204,Larry,Nance Jr.,24040.0,27850.0,5.0,-4.0,0.385
0021800490,1610612739,Cleveland,Cavaliers,1626224,Cedi,Osman,0.0,5510.0,7.0,2.0,0.318
0021800490,1610612739,Cleveland,Cavaliers,1626224,Cedi,Osman,8780.0,12010.0,3.0,4.0,0.1
0021800490,1610612739,Cleveland,Cavaliers,1626224,Cedi,Osman,14400.0,18580.0,3.0,-8.0,0.143
0021800490,1610612739,Cleveland,Cavaliers,1626224,Cedi,Osman,19510.0,28800.0,4.0,-16.0,0.091
0021800490,1610612739,Cleveland,Cavaliers,1627790,Ante,Zizic,4400.0,9210.0,0.0,0.0,0.118
0021800490,1610612739,Cleveland,Cavaliers,1627790,Ante,Zizic,22140.0,24040.0,0.0,-6.0,0.167
0021800490,1610612739,Cleveland,Cavaliers,1627790,Ante,Zizic,27850.0,28800.0,0.0,-1.0,0.0
0021800490,1610612739,Cleveland,Cavaliers,1627883,Jalen,Jones,27850.0,28800.0,0.0,-1.0,0.0
0021800490,1610612739,Cleveland,Cavaliers,1628021,David,Nwaba,4400.0,8690.0,3.0,0.0,0.2
0021800490,1610612739,Cleveland,Cavaliers,1628021,David,Nwaba,11700.0,14400.0,3.0,0.0,0.091
0021800490,1610612739,Cleveland,Cavaliers,1628021,David,Nwaba,18580.0,24040.0,1.0,-12.0,0.158
0021800490,1610612739,Cleveland,Cavaliers,1628417,Jaron,Blossomgame,0.0,3580.0,0.0,1.0,0.063
0021800490,1610612739,Cleveland,Cavaliers,1628417,Jaron,Blossomgame,5510.0,8780.0,0.0,-4.0,0.077
0021800490,1610612739,Cleveland,Cavaliers,1628417,Jaron,Blossomgame,14400.0,17220.0,0.0,-6.0,0.125
0021800490,1610612739,Cleveland,Cavaliers,1628417,Jaron,Blossomgame,25230.0,28800.0,0.0,-2.0,0.0
0021800490,1610612739,Cleveland,Cavaliers,1629012,Collin,Sexton,0.0,5510.0,2.0,2.0,0.273
0021800490,1610612739,Cleveland,Cavaliers,1629012,Collin,Sexton,10070.0,19510.0,4.0,-10.0,0.188
0021800490,1610612739,Cleveland,Cavaliers,1629012,Collin,Sexton,24040.0,28800.0,0.0,-5.0,0.313
0021800612,1610612739,Cleveland,Cavaliers,101112,Channing,Frye,0.0,4550.0,3.0,-1.0,0.133
0021800612,1610612739,Cleveland,Cavaliers,101112,Channing,Frye,14400.0,16150.0,0.0,-6.0,0.143
0021800612,1610612739,Cleveland,Cavaliers,202684,Tristan,Thompson,0.0,5190.0,0.0,5.0,0.167
0021800612,1610612739,Cleveland,Cavaliers,202684,Tristan,Thompson,9430.0,20000.0,4.0,-21.0,0.174
0021800612,1610612739,Cleveland,Cavaliers,202684,Tristan,Thompson,24460.0,26010.0,2.0,-6.0,0.143
0021800612,1610612739,Cleveland,Cavaliers,202692,Alec,Burks,0.0,4140.0,5.0,-1.0,0.143
0021800612,1610612739,Cleveland,Cavaliers,202692,Alec,Burks,9430.0,18070.0,6.0,-13.0,0.194
0021800612,1610612739,Cleveland,Cavaliers,202692,Alec,Burks,25600.0,28800.0,6.0,-1.0,0.214
0021800612,1610612739,Cleveland,Cavaliers,203521,Matthew,Dellavedova,4140.0,9430.0,10.0,12.0,0.2
0021800612,1610612739,Cleveland,Cavaliers,203521,Matthew,Dellavedova,18070.0,25020.0,7.0,-12.0,0.194
0021800612,1610612739,Cleveland,Cavaliers,203903,Jordan,Clarkson,4140.0,11580.0,14.0,13.0,0.267
0021800612,1610612739,Cleveland,Cavaliers,203903,Jordan,Clarkson,13540.0,14400.0,0.0,-5.0,0.25
0021800612,1610612739,Cleveland,Cavaliers,203903,Jordan,Clarkson,16150.0,25760.0,7.0,-16.0,0.233
0021800612,1610612739,Cleveland,Cavaliers,1626166,Cameron,Payne,5190.0,11580.0,5.0,7.0,0.148
0021800612,1610612739,Cleveland,Cavaliers,1626166,Cameron,Payne,18620.0,25600.0,11.0,-9.0,0.194
0021800612,1610612739,Cleveland,Cavaliers,1626224,Cedi,Osman,0.0,7200.0,6.0,13.0,0.148
0021800612,1610612739,Cleveland,Cavaliers,1626224,Cedi,Osman,11580.0,20000.0,4.0,-22.0,0.194
0021800612,1610612739,Cleveland,Cavaliers,1626224,Cedi,Osman,22770.0,26870.0,0.0,-6.0,0.111
0021800612,1610612739,Cleveland,Cavaliers,1627790,Ante,Zizic,4550.0,9430.0,4.0,12.0,0.211
0021800612,1610612739,Cleveland,Cavaliers,1627790,Ante,Zizic,20000.0,24460.0,2.0,-2.0,0.105
0021800612,1610612739,Cleveland,Cavaliers,1627790,Ante,Zizic,26010.0,28800.0,4.0,2.0,0.231
0021800612,1610612739,Cleveland,Cavaliers,1627883,Jalen,Jones,7200.0,13540.0,3.0,-4.0,0.125
0021800612,1610612739,Cleveland,Cavaliers,1627883,Jalen,Jones,20000.0,22770.0,2.0,1.0,0.25
0021800612,1610612739,Cleveland,Cavaliers,1627883,Jalen,Jones,26870.0,28800.0,0.0,-1.0,0.1
0021800612,1610612739,Cleveland,Cavaliers,1628417,Jaron,Blossomgame,25760.0,28800.0,6.0,2.0,0.214
0021800612,1610612739,Cleveland,Cavaliers,1629012,Collin,Sexton,0.0,4140.0,5.0,-1.0,0.429
0021800612,1610612739,Cleveland,Cavaliers,1629012,Collin,Sexton,11580.0,18620.0,6.0,-18.0,0.276
0021800612,1610612739,Cleveland,Cavaliers,1629012,Collin,Sexton,25020.0,28800.0,2.0,-2.0,0.235
0021800053,1610612739,Cleveland,Cavaliers,2594,Kyle,Korver,4740.0,9680.0,2.0,-1.0,0.095
0021800053,1610612739,Cleveland,Cavaliers,2594,Kyle,Korver,17610.0,24010.0,0.0,-4.0,0.042
0021800053,1610612739,Cleveland,Cavaliers,2747,JR,Smith,5440.0,9680.0,2.0,-1.0,0.105
0021800053,1610612739,Cleveland,Cavaliers,2747,JR,Smith,18970.0,25590.0,5.0,-3.0,0.125
0021800053,1610612739,Cleveland,Cavaliers,201567,Kevin,Love,0.0,5440.0,5.0,-2.0,0.2
0021800053,1610612739,Cleveland,Cavaliers,201567,Kevin,Love,9680.0,18970.0,6.0,-15.0,0.114
0021800053,1610612739,Cleveland,Cavaliers,201567,Kevin,Love,24010.0,26500.0,3.0,-4.0,0.429
0021800053,1610612739,Cleveland,Cavaliers,201588,George,Hill,0.0,4990.0,4.0,-4.0,0.167
0021800053,1610612739,Cleveland,Cavaliers,201588,George,Hill,9680.0,13690.0,3.0,4.0,0.059
0021800053,1610612739,Cleveland,Cavaliers,201588,George,Hill,14400.0,17610.0,0.0,-15.0,0.273
0021800053,1610612739,Cleveland,Cavaliers,201588,George,Hill,24010.0,26500.0,0.0,-4.0,0.143
0021800053,1610612739,Cleveland,Cavaliers,202684,Tristan,Thompson,0.0,4740.0,0.0,-2.0,0.217
0021800053,1610612739,Cleveland,Cavaliers,202684,Tristan,Thompson,9680.0,16730.0,2.0,-8.0,0.172
0021800053,1610612739,Cleveland,Cavaliers,202684,Tristan,Thompson,24010.0,26380.0,0.0,-4.0,0.143
0021800053,1610612739,Cleveland,Cavaliers,203903,Jordan,Clarkson,5280.0,10350.0,4.0,1.0,0.391
0021800053,1610612739,Cleveland,Cavaliers,203903,Jordan,Clarkson,13260.0,14400.0,2.0,0.0,0.4
0021800053,1610612739,Cleveland,Cavaliers,203903,Jordan,Clarkson,18970.0,24010.0,6.0,-1.0,0.35
0021800053,1610612739,Cleveland,Cavaliers,203903,Jordan,Clarkson,26500.0,28800.0,2.0,7.0,0.375
0021800053,1610612739,Cleveland,Cavaliers,203918,Rodney,Hood,0.0,4740.0,4.0,-2.0,0.217
0021800053,1610612739,Cleveland,Cavaliers,203918,Rodney,Hood,10350.0,18970.0,6.0,-17.0,0.194
0021800053,1610612739,Cleveland,Cavaliers,1626155,Sam,Dekker,26500.0,28800.0,4.0,7.0,0.25
0021800053,1610612739,Cleveland,Cavaliers,1626204,Larry,Nance Jr.,4740.0,9680.0,0.0,-1.0,0.143
0021800053,1610612739,Cleveland,Cavaliers,1626204,Larry,Nance Jr.,16730.0,24010.0,4.0,-8.0,0.231
0021800053,1610612739,Cleveland,Cavaliers,1626224,Cedi,Osman,0.0,5280.0,4.0,-2.0,0.24
0021800053,1610612739,Cleveland,Cavaliers,1626224,Cedi,Osman,9680.0,13260.0,4.0,3.0,0.313
0021800053,1610612739,Cleveland,Cavaliers,1626224,Cedi,Osman,14400.0,17610.0,0.0,-15.0,0.273
0021800053,1610612739,Cleveland,Cavaliers,1626224,Cedi,Osman,24010.0,26500.0,0.0,-4.0,0.0
0021800053,1610612739,Cleveland,Cavaliers,1627790,Ante,Zizic,26380.0,28800.0,0.0,7.0,0.125
0021800053,1610612739,Cleveland,Cavaliers,1628021,David,Nwaba,26500.0,28800.0,0.0,7.0,0.0
0021800053,1610612739,Cleveland,Cavaliers,1629012,Collin,Sexton,4990.0,9680.0,2.0,1.0,0.15
0021800053,1610612739,Cleveland,Cavaliers,1629012,Collin,Sexton,13690.0,14400.0,0.0,-1.0,0.0
0021800053,1610612739,Cleveland,Cavaliers,1629012,Collin,Sexton,17610.0,24010.0,8.0,-4.0,0.292
0021800053,1610612739,Cleveland,Cavaliers,1629012,Collin,Sexton,25590.0,28800.0,4.0,5.0,0.25
0021800867,1610612739,Cleveland,Cavaliers,201567,Kevin,Love,0.0,4270.0,0.0,-2.0,0.235
0021800867,1610612739,Cleveland,Cavaliers,201567,Kevin,Love,9770.0,14131.0,13.0,5.0,0.526
0021800867,1610612739,Cleveland,Cavaliers,201567,Kevin,Love,14400.0,19090.0,3.0,6.0,0.211
0021800867,1610612739,Cleveland,Cavaliers,202688,Brandon,Knight,0.0,4270.0,2.0,-2.0,0.176
0021800867,1610612739,Cleveland,Cavaliers,202688,Brandon,Knight,10020.0,18830.0,7.0,9.0,0.135
0021800867,1610612739,Cleveland,Cavaliers,203521,Matthew,Dellavedova,5940.0,10020.0,0.0,-2.0,0.176
0021800867,1610612739,Cleveland,Cavaliers,203521,Matthew,Dellavedova,19850.0,25470.0,2.0,7.0,0.105
0021800867,1610612739,Cleveland,Cavaliers,203521,Matthew,Dellavedova,26270.0,28800.0,0.0,2.0,0.1
0021800867,1610612739,Cleveland,Cavaliers,203903,Jordan,Clarkson,4270.0,10830.0,7.0,1.0,0.37
0021800867,1610612739,Cleveland,Cavaliers,203903,Jordan,Clarkson,14131.0,14400.0,0.0,0.0,0.0
0021800867,1610612739,Cleveland,Cavaliers,203903,Jordan,Clarkson,18830.0,26270.0,8.0,1.0,0.259
0021800867,1610612739,Cleveland,Cavaliers,1626204,Larry,Nance Jr.,4270.0,9770.0,6.0,1.0,0.217
0021800867,1610612739,Cleveland,Cavaliers,1626204,Larry,Nance Jr.,12300.0,14400.0,2.0,7.0,0.111
0021800867,1610612739,Cleveland,Cavaliers,1626204,Larry,Nance Jr.,18830.0,28800.0,6.0,3.0,0.162
0021800867,1610612739,Cleveland,Cavaliers,1626224,Cedi,Osman,0.0,5200.0,6.0,0.0,0.2
0021800867,1610612739,Cleveland,Cavaliers,1626224,Cedi,Osman,9770.0,19770.0,5.0,8.0,0.119
0021800867,1610612739,Cleveland,Cavaliers,1626224,Cedi,Osman,23790.0,28800.0,8.0,6.0,0.211
0021800867,1610612739,Cleveland,Cavaliers,1627737,Marquese,Chriss,4270.0,8820.0,0.0,-1.0,0.05
0021800867,1610612739,Cleveland,Cavaliers,1627737,Marquese,Chriss,19090.0,23790.0,6.0,-3.0,0.263
0021800867,1610612739,Cleveland,Cavaliers,1627790,Ante,Zizic,0.0,4270.0,4.0,-2.0,0.235
0021800867,1610612739,Cleveland,Cavaliers,1627790,Ante,Zizic,8820.0,12300.0,2.0,0.0,0.067
0021800867,1610612739,Cleveland,Cavaliers,1627790,Ante,Zizic,14400.0,18830.0,3.0,6.0,0.111
0021800867,1610612739,Cleveland,Cavaliers,1627790,Ante,Zizic,25470.0,28800.0,6.0,-1.0,0.385
0021800867,1610612739,Cleveland,Cavaliers,1628021,David,Nwaba,5200.0,9770.0,2.0,-1.0,0.05
0021800867,1610612739,Cleveland,Cavaliers,1628021,David,Nwaba,19770.0,25470.0,5.0,7.0,0.143
0021800867,1610612739,Cleveland,Cavaliers,1629012,Collin,Sexton,0.0,5940.0,4.0,3.0,0.167
0021800867,1610612739,Cleveland,Cavaliers,1629012,Collin,Sexton,10830.0,19850.0,4.0,8.0,0.256
0021800867,1610612739,Cleveland,Cavaliers,1629012,Collin,Sexton,25470.0,28800.0,0.0,-1.0,0.0
0021800735,1610612739,Cleveland,Cavaliers,101112,Channing,Frye,6520.0,9160.0,0.0,-2.0,0.1
0021800735,1610612739,Cleveland,Cavaliers,202692,Alec,Burks,0.0,6190.0,6.0,-1.0,0.25
0021800735,1610612739,Cleveland,Cavaliers,202692,Alec,Burks,11020.0,20810.0,10.0,0.0,0.27
0021800735,1610612739,Cleveland,Cavaliers,202692,Alec,Burks,25380.0,28800.0,2.0,0.0,0.077
0021800735,1610612739,Cleveland,Cavaliers,203521,Matthew,Dellavedova,6190.0,11020.0,5.0,4.0,0.158
0021800735,1610612739,Cleveland,Cavaliers,203521,Matthew,Dellavedova,16630.0,22290.0,7.0,5.0,0.208
0021800735,1610612739,Cleveland,Cavaliers,203521,Matthew,Dellavedova,25930.0,28800.0,4.0,1.0,0.3
0021800735,1610612739,Cleveland,Cavaliers,203903,Jordan,Clarkson,3860.0,11020.0,9.0,5.0,0.276
0021800735,1610612739,Cleveland,Cavaliers,203903,Jordan,Clarkson,19390.0,25380.0,9.0,1.0,0.182
0021800735,1610612739,Cleveland,Cavaliers,203918,Rodney,Hood,0.0,3860.0,0.0,-2.0,0.077
0021800735,1610612739,Cleveland,Cavaliers,203918,Rodney,Hood,8910.0,19390.0,9.0,1.0,0.2
0021800735,1610612739,Cleveland,Cavaliers,203918,Rodney,Hood,24650.0,28800.0,5.0,-1.0,0.333
0021800735,1610612739,Cleveland,Cavaliers,1626204,Larry,Nance Jr.,4580.0,8910.0,0.0,3.0,0.167
0021800735,1610612739,Cleveland,Cavaliers,1626204,Larry,Nance Jr.,12990.0,14400.0,0.0,2.0,0.0
0021800735,1610612739,Cleveland,Cavaliers,1626204,Larry,Nance Jr.,20050.0,24650.0,0.0,0.0,0.167
0021800735,1610612739,Cleveland,Cavaliers,1626204,Larry,Nance Jr.,28753.0,28800.0,0.0,0.0,0.0
0021800735,1610612739,Cleveland,Cavaliers,1626224,Cedi,Osman,0.0,6520.0,8.0,1.0,0.167
0021800735,1610612739,Cleveland,Cavaliers,1626224,Cedi,Osman,9160.0,21600.0,7.0,1.0,0.265
0021800735,1610612739,Cleveland,Cavaliers,1626224,Cedi,Osman,24430.0,28800.0,2.0,-3.0,0.25
0021800735,1610612739,Cleveland,Cavaliers,1627790,Ante,Zizic,0.0,4580.0,2.0,-2.0,0.2
0021800735,1610612739,Cleveland,Cavaliers,1627790,Ante,Zizic,8910.0,12990.0,0.0,-5.0,0.067
0021800735,1610612739,Cleveland,Cavaliers,1627790,Ante,Zizic,14400.0,20050.0,4.0,6.0,0.174
0021800735,1610612739,Cleveland,Cavaliers,1627790,Ante,Zizic,21600.0,28753.0,2.0,3.0,0.115
0021800735,1610612739,Cleveland,Cavaliers,1629012,Collin,Sexton,0.0,6190.0,5.0,-1.0,0.25
0021800735,1610612739,Cleveland,Cavaliers,1629012,Collin,Sexton,11020.0,16630.0,2.0,-5.0,0.143
0021800735,1610612739,Cleveland,Cavaliers,1629012,Collin,Sexton,22290.0,25930.0,0.0,-1.0,0.154
0021800735,1610612739,Cleveland,Cavaliers,1629061,Deng,Adel,6190.0,8910.0,3.0,2.0,0.1
0021800735,1610612739,Cleveland,Cavaliers,1629061,Deng,Adel,20810.0,24430.0,3.0,3.0,0.133
0021801021,1610612739,Cleveland,Cavaliers,201567,Kevin,Love,0.0,4330.0,2.0,-10.0,0.2
0021801021,1610612739,Cleveland,Cavaliers,201567,Kevin,Love,8300.0,13826.0,5.0,0.0,0.318
0021801021,1610612739,Cleveland,Cavaliers,201567,Kevin,Love,14400.0,17550.0,0.0,-10.0,0.25
0021801021,1610612739,Cleveland,Cavaliers,201567,Kevin,Love,25550.0,27070.0,3.0,-6.0,0.2
0021801021,1610612739,Cleveland,Cavaliers,202688,Brandon,Knight,0.0,4330.0,5.0,-10.0,0.2
0021801021,1610612739,Cleveland,Cavaliers,202688,Brandon,Knight,5880.0,10320.0,0.0,-9.0,0.056
0021801021,1610612739,Cleveland,Cavaliers,202688,Brandon,Knight,14400.0,18350.0,2.0,-12.0,0.2
0021801021,1610612739,Cleveland,Cavaliers,202688,Brandon,Knight,21600.0,24690.0,5.0,0.0,0.25
0021801021,1610612739,Cleveland,Cavaliers,203903,Jordan,Clarkson,4330.0,8300.0,0.0,-11.0,0.267
0021801021,1610612739,Cleveland,Cavaliers,203903,Jordan,Clarkson,10320.0,14400.0,6.0,-2.0,0.467
0021801021,1610612739,Cleveland,Cavaliers,203903,Jordan,Clarkson,17550.0,25550.0,9.0,7.0,0.29
0021801021,1610612739,Cleveland,Cavaliers,203917,Nik,Stauskas,5880.0,8300.0,0.0,-12.0,0.111
0021801021,1610612739,Cleveland,Cavaliers,203917,Nik,Stauskas,18350.0,26330.0,8.0,5.0,0.226
0021801021,1610612739,Cleveland,Cavaliers,203917,Nik,Stauskas,27070.0,28800.0,0.0,0.0,0.0
0021801021,1610612739,Cleveland,Cavaliers,1626224,Cedi,Osman,0.0,5880.0,4.0,-9.0,0.19
0021801021,1610612739,Cleveland,Cavaliers,1626224,Cedi,Osman,8300.0,19930.0,4.0,-7.0,0.109
0021801021,1610612739,Cleveland,Cavaliers,1626224,Cedi,Osman,25550.0,28800.0,0.0,-6.0,0.083
0021801021,1610612739,Cleveland,Cavaliers,1627737,Marquese,Chriss,4630.0,8300.0,0.0,-13.0,0.214
0021801021,1610612739,Cleveland,Cavaliers,1627737,Marquese,Chriss,12440.0,14400.0,2.0,0.0,0.125
0021801021,1610612739,Cleveland,Cavaliers,1627737,Marquese,Chriss,18980.0,24160.0,2.0,5.0,0.143
0021801021,1610612739,Cleveland,Cavaliers,1627790,Ante,Zizic,0.0,4630.0,0.0,-8.0,0.063
0021801021,1610612739,Cleveland,Cavaliers,1627790,Ante,Zizic,8300.0,12440.0,2.0,1.0,0.125
0021801021,1610612739,Cleveland,Cavaliers,1627790,Ante,Zizic,14400.0,18980.0,2.0,-10.0,0.111
0021801021,1610612739,Cleveland,Cavaliers,1627790,Ante,Zizic,24160.0,28800.0,7.0,-4.0,0.353
0021801021,1610612739,Cleveland,Cavaliers,1628021,David,Nwaba,4330.0,8300.0,0.0,-11.0,0.133
0021801021,1610612739,Cleveland,Cavaliers,1628021,David,Nwaba,13826.0,14400.0,0.0,1.0,0.0
0021801021,1610612739,Cleveland,Cavaliers,1628021,David,Nwaba,19930.0,25550.0,0.0,5.0,0.0
0021801021,1610612739,Cleveland,Cavaliers,1629012,Collin,Sexton,0.0,5880.0,9.0,-9.0,0.381
0021801021,1610612739,Cleveland,Cavaliers,1629012,Collin,Sexton,8300.0,21600.0,9.0,-4.0,0.25
0021801021,1610612739,Cleveland,Cavaliers,1629012,Collin,Sexton,24690.0,28800.0,5.0,-4.0,0.2
0021801021,1610612739,Cleveland,Cavaliers,1629061,Deng,Adel,26330.0,28800.0,0.0,-2.0,0.1
0021800687,1610612739,Cleveland,Cavaliers,101112,Channing,Frye,4400.0,8190.0,0.0,-16.0,0.091
0021800687,1610612739,Cleveland,Cavaliers,101112,Channing,Frye,19530.0,24930.0,0.0,5.0,0.105
0021800687,1610612739,Cleveland,Cavaliers,202692,Alec,Burks,4400.0,9780.0,0.0,-17.0,0.158
0021800687,1610612739,Cleveland,Cavaliers,202692,Alec,Burks,18100.0,25720.0,8.0,4.0,0.179
0021800687,1610612739,Cleveland,Cavaliers,203521,Matthew,Dellavedova,5520.0,8590.0,5.0,-11.0,0.4
0021800687,1610612739,Cleveland,Cavaliers,203521,Matthew,Dellavedova,19530.0,25350.0,3.0,3.0,0.048
0021800687,1610612739,Cleveland,Cavaliers,203903,Jordan,Clarkson,4400.0,10680.0,5.0,-18.0,0.182
0021800687,1610612739,Cleveland,Cavaliers,203903,Jordan,Clarkson,13860.0,14400.0,0.0,-2.0,0.0
0021800687,1610612739,Cleveland,Cavaliers,203903,Jordan,Clarkson,18100.0,25350.0,8.0,-1.0,0.296
0021800687,1610612739,Cleveland,Cavaliers,203918,Rodney,Hood,0.0,4400.0,7.0,-2.0,0.231
0021800687,1610612739,Cleveland,Cavaliers,203918,Rodney,Hood,9780.0,18100.0,8.0,-6.0,0.233
0021800687,1610612739,Cleveland,Cavaliers,203918,Rodney,Hood,25350.0,28800.0,3.0,4.0,0.154
0021800687,1610612739,Cleveland,Cavaliers,1626166,Cameron,Payne,0.0,4400.0,0.0,-2.0,0.154
0021800687,1610612739,Cleveland,Cavaliers,1626166,Cameron,Payne,10680.0,18100.0,0.0,-5.0,0.037
0021800687,1610612739,Cleveland,Cavaliers,1626224,Cedi,Osman,0.0,3330.0,7.0,3.0,0.4
0021800687,1610612739,Cleveland,Cavaliers,1626224,Cedi,Osman,8190.0,13860.0,4.0,-4.0,0.227
0021800687,1610612739,Cleveland,Cavaliers,1626224,Cedi,Osman,14400.0,19530.0,3.0,-5.0,0.235
0021800687,1610612739,Cleveland,Cavaliers,1626224,Cedi,Osman,24930.0,28800.0,3.0,2.0,0.143
0021800687,1610612739,Cleveland,Cavaliers,1627790,Ante,Zizic,0.0,4400.0,4.0,-2.0,0.154
0021800687,1610612739,Cleveland,Cavaliers,1627790,Ante,Zizic,8190.0,19530.0,13.0,-11.0,0.214
0021800687,1610612739,Cleveland,Cavaliers,1627790,Ante,Zizic,24930.0,27650.0,6.0,-3.0,0.364
0021800687,1610612739,Cleveland,Cavaliers,1628417,Jaron,Blossomgame,3330.0,8190.0,0.0,-21.0,0.071
0021800687,1610612739,Cleveland,Cavaliers,1628417,Jaron,Blossomgame,19530.0,24930.0,2.0,5.0,0.158
0021800687,1610612739,Cleveland,Cavaliers,1628417,Jaron,Blossomgame,27650.0,28800.0,0.0,5.0,0.0
0021800687,1610612739,Cleveland,Cavaliers,1629012,Collin,Sexton,0.0,5520.0,2.0,-9.0,0.188
0021800687,1610612739,Cleveland,Cavaliers,1629012,Collin,Sexton,8590.0,19530.0,5.0,-9.0,0.244
0021800687,1610612739,Cleveland,Cavaliers,1629012,Collin,Sexton,25350.0,28800.0,3.0,4.0,0.231
0021800687,1610612739,Cleveland,Cavaliers,1629061,Deng,Adel,25720.0,28800.0,3.0,-1.0,0.091
0021800142,1610612739,Cleveland,Cavaliers,2594,Kyle,Korver,11830.0,14400.0,2.0,-7.0,0.25
0021800142,1610612739,Cleveland,Cavaliers,2594,Kyle,Korver,28613.0,28670.0,0.0,-1.0,1.0
0021800142,1610612739,Cleveland,Cavaliers,2747,JR,Smith,4990.0,11830.0,5.0,-3.0,0.2
0021800142,1610612739,Cleveland,Cavaliers,2747,JR,Smith,15560.0,21600.0,6.0,18.0,0.182
0021800142,1610612739,Cleveland,Cavaliers,2747,JR,Smith,26570.0,28613.0,3.0,1.0,0.143
0021800142,1610612739,Cleveland,Cavaliers,2747,JR,Smith,28613.0,28670.0,0.0,-3.0,0.0
0021800142,1610612739,Cleveland,Cavaliers,2747,JR,Smith,28674.0,28800.0,0.0,-2.0,0.0
0021800142,1610612739,Cleveland,Cavaliers,201588,George,Hill,0.0,4990.0,6.0,-1.0,0.188
0021800142,1610612739,Cleveland,Cavaliers,201588,George,Hill,9500.0,13924.0,0.0,1.0,0.105
0021800142,1610612739,Cleveland,Cavaliers,201588,George,Hill,14400.0,19910.0,5.0,12.0,0.15
0021800142,1610612739,Cleveland,Cavaliers,201588,George,Hill,24230.0,28800.0,11.0,-5.0,0.375
0021800142,1610612739,Cleveland,Cavaliers,202684,Tristan,Thompson,0.0,5200.0,7.0,-1.0,0.222
0021800142,1610612739,Cleveland,Cavaliers,202684,Tristan,Thompson,9500.0,20380.0,10.0,13.0,0.214
0021800142,1610612739,Cleveland,Cavaliers,202684,Tristan,Thompson,24230.0,28613.0,2.0,-2.0,0.231
0021800142,1610612739,Cleveland,Cavaliers,202684,Tristan,Thompson,28670.0,28800.0,0.0,-2.0,0.0
0021800142,1610612739,Cleveland,Cavaliers,203903,Jordan,Clarkson,3680.0,9670.0,8.0,-1.0,0.28
0021800142,1610612739,Cleveland,Cavaliers,203903,Jordan,Clarkson,13924.0,14400.0,0.0,-4.0,0.0
0021800142,1610612739,Cleveland,Cavaliers,203903,Jordan,Clarkson,19910.0,28782.0,6.0,-1.0,0.133
0021800142,1610612739,Cleveland,Cavaliers,203918,Rodney,Hood,0.0,3680.0,0.0,-5.0,0.083
0021800142,1610612739,Cleveland,Cavaliers,203918,Rodney,Hood,9670.0,13924.0,5.0,-1.0,0.167
0021800142,1610612739,Cleveland,Cavaliers,203918,Rodney,Hood,14400.0,19910.0,6.0,12.0,0.2
0021800142,1610612739,Cleveland,Cavaliers,203918,Rodney,Hood,21600.0,26570.0,0.0,-9.0,0.067
0021800142,1610612739,Cleveland,Cavaliers,1626155,Sam,Dekker,0.0,4250.0,0.0,-3.0,0.071
0021800142,1610612739,Cleveland,Cavaliers,1626155,Sam,Dekker,7200.0,10440.0,2.0,2.0,0.214
0021800142,1610612739,Cleveland,Cavaliers,1626155,Sam,Dekker,14400.0,15560.0,0.0,2.0,0.25
0021800142,1610612739,Cleveland,Cavaliers,1626204,Larry,Nance Jr.,5200.0,9500.0,0.0,-7.0,0.158
0021800142,1610612739,Cleveland,Cavaliers,1626204,Larry,Nance Jr.,20380.0,24230.0,0.0,-2.0,0.154
0021800142,1610612739,Cleveland,Cavaliers,1626204,Larry,Nance Jr.,28613.0,28613.0,0.0,0.0,0.0
0021800142,1610612739,Cleveland,Cavaliers,1626204,Larry,Nance Jr.,28670.0,28674.0,0.0,0.0,0.0
0021800142,1610612739,Cleveland,Cavaliers,1626204,Larry,Nance Jr.,28782.0,28800.0,0.0,-2.0,0.0
0021800142,1610612739,Cleveland,Cavaliers,1626224,Cedi,Osman,0.0,7200.0,4.0,-9.0,0.259
0021800142,1610612739,Cleveland,Cavaliers,1626224,Cedi,Osman,10440.0,28800.0,7.0,5.0,0.2
0021800142,1610612739,Cleveland,Cavaliers,1629012,Collin,Sexton,4250.0,9500.0,2.0,-5.0,0.182
0021800142,1610612739,Cleveland,Cavaliers,1629012,Collin,Sexton,13924.0,14400.0,0.0,-4.0,0.5
0021800142,1610612739,Cleveland,Cavaliers,1629012,Collin,Sexton,19910.0,24230.0,3.0,2.0,0.2
0021800853,1610612739,Cleveland,Cavaliers,202688,Brandon,Knight,0.0,3160.0,4.0,4.0,0.167
0021800853,1610612739,Cleveland,Cavaliers,202688,Brandon,Knight,11350.0,17470.0,2.0,-3.0,0.364
0021800853,1610612739,Cleveland,Cavaliers,203521,Matthew,Dellavedova,4790.0,10440.0,0.0,5.0,0.04
0021800853,1610612739,Cleveland,Cavaliers,203521,Matthew,Dellavedova,19430.0,37800.0,3.0,-15.0,0.114
0021800853,1610612739,Cleveland,Cavaliers,203903,Jordan,Clarkson,3160.0,11350.0,14.0,6.0,0.371
0021800853,1610612739,Cleveland,Cavaliers,203903,Jordan,Clarkson,17470.0,37800.0,28.0,-16.0,0.346
0021800853,1610612739,Cleveland,Cavaliers,203917,Nik,Stauskas,4010.0,10440.0,5.0,8.0,0.074
0021800853,1610612739,Cleveland,Cavaliers,203917,Nik,Stauskas,19230.0,24490.0,2.0,-8.0,0.105
0021800853,1610612739,Cleveland,Cavaliers,203917,Nik,Stauskas,34762.0,34800.0,0.0,-3.0,0.0
0021800853,1610612739,Cleveland,Cavaliers,203917,Nik,Stauskas,35470.0,37800.0,0.0,-8.0,0.111
0021800853,1610612739,Cleveland,Cavaliers,1626204,Larry,Nance Jr.,4010.0,11350.0,5.0,7.0,0.258
0021800853,1610612739,Cleveland,Cavaliers,1626204,Larry,Nance Jr.,18200.0,30520.0,3.0,-4.0,0.133
0021800853,1610612739,Cleveland,Cavaliers,1626224,Cedi,Osman,0.0,4010.0,6.0,3.0,0.267
0021800853,1610612739,Cleveland,Cavaliers,1626224,Cedi,Osman,10440.0,19230.0,7.0,-4.0,0.206
0021800853,1610612739,Cleveland,Cavaliers,1626224,Cedi,Osman,23500.0,25690.0,0.0,2.0,0.0
0021800853,1610612739,Cleveland,Cavaliers,1627737,Marquese,Chriss,4790.0,9310.0,3.0,5.0,0.19
0021800853,1610612739,Cleveland,Cavaliers,1627737,Marquese,Chriss,19230.0,23500.0,6.0,-7.0,0.267
0021800853,1610612739,Cleveland,Cavaliers,1627737,Marquese,Chriss,25690.0,33530.0,14.0,1.0,0.323
0021800853,1610612739,Cleveland,Cavaliers,1627790,Ante,Zizic,0.0,4010.0,2.0,3.0,0.067
0021800853,1610612739,Cleveland,Cavaliers,1627790,Ante,Zizic,9310.0,19230.0,4.0,-4.0,0.135
0021800853,1610612739,Cleveland,Cavaliers,1627790,Ante,Zizic,31640.0,31640.0,0.0,0.0,0.0
0021800853,1610612739,Cleveland,Cavaliers,1627790,Ante,Zizic,33530.0,34762.0,0.0,0.0,0.0
0021800853,1610612739,Cleveland,Cavaliers,1627790,Ante,Zizic,34800.0,37698.0,0.0,-9.0,0.1
0021800853,1610612739,Cleveland,Cavaliers,1628021,David,Nwaba,0.0,4790.0,5.0,6.0,0.118
0021800853,1610612739,Cleveland,Cavaliers,1628021,David,Nwaba,11350.0,18200.0,2.0,-6.0,0.038
0021800853,1610612739,Cleveland,Cavaliers,1628021,David,Nwaba,30520.0,35470.0,0.0,-1.0,0.0
0021800853,1610612739,Cleveland,Cavaliers,1629012,Collin,Sexton,0.0,4790.0,4.0,6.0,0.353
0021800853,1610612739,Cleveland,Cavaliers,1629012,Collin,Sexton,10440.0,19430.0,11.0,-5.0,0.235
0021800853,1610612739,Cleveland,Cavaliers,1629012,Collin,Sexton,24490.0,31640.0,7.0,-1.0,0.24
0021800853,1610612739,Cleveland,Cavaliers,1629012,Collin,Sexton,31640.0,37800.0,2.0,-9.0,0.231
0021800853,1610612739,Cleveland,Cavaliers,1629061,Deng,Adel,37698.0,37800.0,0.0,0.0,0.0
0021800021,1610612739,Cleveland,Cavaliers,2594,Kyle,Korver,7139.0,10280.0,0.0,-8.0,0.077
0021800021,1610612739,Cleveland,Cavaliers,2747,JR,Smith,5230.0,7430.0,0.0,-8.0,0.222
0021800021,1610612739,Cleveland,Cavaliers,201567,Kevin,Love,0.0,7200.0,7.0,-2.0,0.286
0021800021,1610612739,Cleveland,Cavaliers,201567,Kevin,Love,10000.0,21215.0,18.0,0.0,0.275
0021800021,1610612739,Cleveland,Cavaliers,201567,Kevin,Love,23540.0,28800.0,0.0,5.0,0.167
0021800021,1610612739,Cleveland,Cavaliers,201588,George,Hill,0.0,5230.0,4.0,6.0,0.143
0021800021,1610612739,Cleveland,Cavaliers,201588,George,Hill,10670.0,20410.0,3.0,1.0,0.136
0021800021,1610612739,Cleveland,Cavaliers,202684,Tristan,Thompson,0.0,7139.0,6.0,-2.0,0.111
0021800021,1610612739,Cleveland,Cavaliers,202684,Tristan,Thompson,10670.0,20890.0,8.0,3.0,0.13
0021800021,1610612739,Cleveland,Cavaliers,202684,Tristan,Thompson,24600.0,28800.0,0.0,2.0,0.053
0021800021,1610612739,Cleveland,Cavaliers,203903,Jordan,Clarkson,7200.0,11900.0,8.0,-11.0,0.45
0021800021,1610612739,Cleveland,Cavaliers,203903,Jordan,Clarkson,13830.0,14400.0,0.0,0.0,0.0
0021800021,1610612739,Cleveland,Cavaliers,203903,Jordan,Clarkson,19850.0,28800.0,11.0,3.0,0.231
0021800021,1610612739,Cleveland,Cavaliers,203918,Rodney,Hood,0.0,5230.0,4.0,6.0,0.19
0021800021,1610612739,Cleveland,Cavaliers,203918,Rodney,Hood,5450.0,7200.0,0.0,-8.0,0.0
0021800021,1610612739,Cleveland,Cavaliers,203918,Rodney,Hood,11900.0,13830.0,2.0,-4.0,0.182
0021800021,1610612739,Cleveland,Cavaliers,203918,Rodney,Hood,14400.0,19850.0,4.0,6.0,0.217
0021800021,1610612739,Cleveland,Cavaliers,203918,Rodney,Hood,20410.0,23540.0,0.0,-2.0,0.154
0021800021,1610612739,Cleveland,Cavaliers,1626155,Sam,Dekker,7430.0,10670.0,3.0,-10.0,0.231
0021800021,1610612739,Cleveland,Cavaliers,1626155,Sam,Dekker,21215.0,23320.0,2.0,-3.0,0.222
0021800021,1610612739,Cleveland,Cavaliers,1626224,Cedi,Osman,0.0,5450.0,5.0,6.0,0.238
0021800021,1610612739,Cleveland,Cavaliers,1626224,Cedi,Osman,10280.0,20410.0,11.0,-1.0,0.217
0021800021,1610612739,Cleveland,Cavaliers,1626224,Cedi,Osman,23320.0,28800.0,6.0,3.0,0.24
0021800021,1610612739,Cleveland,Cavaliers,1627790,Ante,Zizic,7200.0,10000.0,2.0,-6.0,0.083
0021800021,1610612739,Cleveland,Cavaliers,1627790,Ante,Zizic,20890.0,24600.0,5.0,-1.0,0.235
0021800021,1610612739,Cleveland,Cavaliers,1629012,Collin,Sexton,5230.0,10670.0,4.0,-18.0,0.182
0021800021,1610612739,Cleveland,Cavaliers,1629012,Collin,Sexton,20410.0,28800.0,10.0,3.0,0.162
0021800199,1610612739,Cleveland,Cavaliers,2747,JR,Smith,0.0,5000.0,7.0,11.0,0.333
0021800199,1610612739,Cleveland,Cavaliers,2747,JR,Smith,6500.0,22070.0,6.0,4.0,0.095
0021800199,1610612739,Cleveland,Cavaliers,2747,JR,Smith,23030.0,26090.0,0.0,11.0,0.077
0021800199,1610612739,Cleveland,Cavaliers,101112,Channing,Frye,26990.0,28800.0,6.0,2.0,0.286
0021800199,1610612739,Cleveland,Cavaliers,202684,Tristan,Thompson,0.0,5000.0,5.0,11.0,0.19
0021800199,1610612739,Cleveland,Cavaliers,202684,Tristan,Thompson,8400.0,13838.0,4.0,4.0,0.167
0021800199,1610612739,Cleveland,Cavaliers,202684,Tristan,Thompson,14400.0,20890.0,2.0,3.0,0.125
0021800199,1610612739,Cleveland,Cavaliers,203903,Jordan,Clarkson,5000.0,10570.0,8.0,9.0,0.304
0021800199,1610612739,Cleveland,Cavaliers,203903,Jordan,Clarkson,12880.0,14400.0,5.0,-2.0,0.5
0021800199,1610612739,Cleveland,Cavaliers,203903,Jordan,Clarkson,17560.0,26990.0,11.0,11.0,0.324
0021800199,1610612739,Cleveland,Cavaliers,203918,Rodney,Hood,0.0,6500.0,7.0,15.0,0.231
0021800199,1610612739,Cleveland,Cavaliers,203918,Rodney,Hood,10570.0,17560.0,9.0,-9.0,0.25
0021800199,1610612739,Cleveland,Cavaliers,203918,Rodney,Hood,22070.0,23030.0,0.0,-7.0,0.0
0021800199,1610612739,Cleveland,Cavaliers,203918,Rodney,Hood,26090.0,28800.0,0.0,1.0,0.0
0021800199,1610612739,Cleveland,Cavaliers,1626150,Andrew,Harrison,5470.0,8210.0,0.0,3.0,0.1
0021800199,1610612739,Cleveland,Cavaliers,1626150,Andrew,Harrison,19900.0,23030.0,0.0,-3.0,0.182
0021800199,1610612739,Cleveland,Cavaliers,1626150,Andrew,Harrison,26990.0,28800.0,2.0,2.0,0.286
0021800199,1610612739,Cleveland,Cavaliers,1626204,Larry,Nance Jr.,0.0,6500.0,3.0,15.0,0.038
0021800199,1610612739,Cleveland,Cavaliers,1626204,Larry,Nance Jr.,10570.0,18870.0,0.0,-9.0,0.091
0021800199,1610612739,Cleveland,Cavaliers,1626204,Larry,Nance Jr.,20890.0,26990.0,4.0,3.0,0.136
0021800199,1610612739,Cleveland,Cavaliers,1627790,Ante,Zizic,6500.0,8400.0,0.0,-3.0,0.286
0021800199,1610612739,Cleveland,Cavaliers,1627790,Ante,Zizic,26990.0,28800.0,0.0,2.0,0.286
0021800199,1610612739,Cleveland,Cavaliers,1628021,David,Nwaba,5000.0,10570.0,9.0,9.0,0.174
0021800199,1610612739,Cleveland,Cavaliers,1628021,David,Nwaba,13838.0,14400.0,0.0,0.0,0.0
0021800199,1610612739,Cleveland,Cavaliers,1628021,David,Nwaba,18870.0,28800.0,9.0,13.0,0.167
0021800199,1610612739,Cleveland,Cavaliers,1629012,Collin,Sexton,0.0,5470.0,7.0,11.0,0.217
0021800199,1610612739,Cleveland,Cavaliers,1629012,Collin,Sexton,8210.0,12880.0,5.0,4.0,0.273
0021800199,1610612739,Cleveland,Cavaliers,1629012,Collin,Sexton,14400.0,19900.0,2.0,-1.0,0.286
0021800199,1610612739,Cleveland,Cavaliers,1629012,Collin,Sexton,23030.0,26990.0,2.0,10.0,0.333
0021800885,1610612739,Cleveland,Cavaliers,201567,Kevin,Love,0.0,3790.0,9.0,8.0,0.353
0021800885,1610612739,Cleveland,Cavaliers,201567,Kevin,Love,9890.0,17690.0,13.0,-1.0,0.29
0021800885,1610612739,Cleveland,Cavaliers,201567,Kevin,Love,21600.0,25570.0,10.0,7.0,0.4
0021800885,1610612739,Cleveland,Cavaliers,202688,Brandon,Knight,0.0,3790.0,2.0,8.0,0.118
0021800885,1610612739,Cleveland,Cavaliers,202688,Brandon,Knight,10410.0,17790.0,2.0,3.0,0.133
0021800885,1610612739,Cleveland,Cavaliers,203521,Matthew,Dellavedova,5640.0,10410.0,4.0,2.0,0.167
0021800885,1610612739,Cleveland,Cavaliers,203521,Matthew,Dellavedova,19620.0,28800.0,6.0,2.0,0.222
0021800885,1610612739,Cleveland,Cavaliers,203903,Jordan,Clarkson,3790.0,9890.0,5.0,6.0,0.231
0021800885,1610612739,Cleveland,Cavaliers,203903,Jordan,Clarkson,17790.0,24760.0,0.0,-13.0,0.259
0021800885,1610612739,Cleveland,Cavaliers,203917,Nik,Stauskas,7980.0,11030.0,0.0,-8.0,0.182
0021800885,1610612739,Cleveland,Cavaliers,1626204,Larry,Nance Jr.,3680.0,8430.0,2.0,7.0,0.136
0021800885,1610612739,Cleveland,Cavaliers,1626204,Larry,Nance Jr.,17690.0,23830.0,0.0,-12.0,0.083
0021800885,1610612739,Cleveland,Cavaliers,1626204,Larry,Nance Jr.,25880.0,28800.0,2.0,2.0,0.182
0021800885,1610612739,Cleveland,Cavaliers,1626224,Cedi,Osman,0.0,5640.0,0.0,8.0,0.074
0021800885,1610612739,Cleveland,Cavaliers,1626224,Cedi,Osman,11030.0,21600.0,6.0,-10.0,0.095
0021800885,1610612739,Cleveland,Cavaliers,1626224,Cedi,Osman,25570.0,28800.0,5.0,0.0,0.333
0021800885,1610612739,Cleveland,Cavaliers,1627737,Marquese,Chriss,3790.0,7980.0,5.0,8.0,0.238
0021800885,1610612739,Cleveland,Cavaliers,1627737,Marquese,Chriss,17690.0,20300.0,1.0,-13.0,0.5
0021800885,1610612739,Cleveland,Cavaliers,1627790,Ante,Zizic,0.0,3680.0,7.0,11.0,0.235
0021800885,1610612739,Cleveland,Cavaliers,1627790,Ante,Zizic,8430.0,17690.0,9.0,-5.0,0.167
0021800885,1610612739,Cleveland,Cavaliers,1627790,Ante,Zizic,23830.0,28687.0,2.0,4.0,0.167
0021800885,1610612739,Cleveland,Cavaliers,1628021,David,Nwaba,5640.0,9890.0,0.0,6.0,0.125
0021800885,1610612739,Cleveland,Cavaliers,1628021,David,Nwaba,20300.0,25880.0,2.0,3.0,0.045
0021800885,1610612739,Cleveland,Cavaliers,1628021,David,Nwaba,28687.0,28800.0,0.0,0.0,0.0
0021800885,1610612739,Cleveland,Cavaliers,1629012,Collin,Sexton,0.0,5640.0,10.0,8.0,0.259
0021800885,1610612739,Cleveland,Cavaliers,1629012,Collin,Sexton,9890.0,19620.0,5.0,-11.0,0.282
0021800885,1610612739,Cleveland,Cavaliers,1629012,Collin,Sexton,24760.0,28800.0,5.0,5.0,0.133
0021800372,1610612739,Cleveland,Cavaliers,101112,Channing,Frye,26500.0,28800.0,6.0,2.0,0.25
0021800372,1610612739,Cleveland,Cavaliers,202684,Tristan,Thompson,0.0,5820.0,2.0,-12.0,0.19
0021800372,1610612739,Cleveland,Cavaliers,202684,Tristan,Thompson,10340.0,19510.0,2.0,-5.0,0.059
0021800372,1610612739,Cleveland,Cavaliers,202684,Tristan,Thompson,23300.0,26020.0,0.0,-8.0,0.0
0021800372,1610612739,Cleveland,Cavaliers,202692,Alec,Burks,3780.0,10340.0,7.0,13.0,0.138
0021800372,1610612739,Cleveland,Cavaliers,202692,Alec,Burks,12140.0,19510.0,8.0,-1.0,0.25
0021800372,1610612739,Cleveland,Cavaliers,202692,Alec,Burks,19970.0,28800.0,7.0,-14.0,0.219
0021800372,1610612739,Cleveland,Cavaliers,203903,Jordan,Clarkson,3490.0,10340.0,12.0,13.0,0.226
0021800372,1610612739,Cleveland,Cavaliers,203903,Jordan,Clarkson,11660.0,14400.0,5.0,5.0,0.25
0021800372,1610612739,Cleveland,Cavaliers,203903,Jordan,Clarkson,16740.0,24400.0,7.0,-6.0,0.345
0021800372,1610612739,Cleveland,Cavaliers,203903,Jordan,Clarkson,24980.0,25660.0,2.0,0.0,0.333
0021800372,1610612739,Cleveland,Cavaliers,203918,Rodney,Hood,0.0,3490.0,2.0,-13.0,0.091
0021800372,1610612739,Cleveland,Cavaliers,203918,Rodney,Hood,4990.0,9050.0,2.0,9.0,0.111
0021800372,1610612739,Cleveland,Cavaliers,203918,Rodney,Hood,10340.0,11660.0,0.0,-5.0,0.25
0021800372,1610612739,Cleveland,Cavaliers,1626204,Larry,Nance Jr.,0.0,3780.0,3.0,-13.0,0.25
0021800372,1610612739,Cleveland,Cavaliers,1626204,Larry,Nance Jr.,5820.0,12140.0,4.0,8.0,0.115
0021800372,1610612739,Cleveland,Cavaliers,1626204,Larry,Nance Jr.,12820.0,13560.0,0.0,2.0,0.0
0021800372,1610612739,Cleveland,Cavaliers,1626204,Larry,Nance Jr.,14400.0,16740.0,2.0,-9.0,0.143
0021800372,1610612739,Cleveland,Cavaliers,1626204,Larry,Nance Jr.,19510.0,24980.0,2.0,-13.0,0.05
0021800372,1610612739,Cleveland,Cavaliers,1626224,Cedi,Osman,0.0,5820.0,4.0,-12.0,0.238
0021800372,1610612739,Cleveland,Cavaliers,1626224,Cedi,Osman,8060.0,12820.0,5.0,3.0,0.222
0021800372,1610612739,Cleveland,Cavaliers,1626224,Cedi,Osman,14400.0,21600.0,1.0,-7.0,0.222
0021800372,1610612739,Cleveland,Cavaliers,1626224,Cedi,Osman,24400.0,26020.0,0.0,-6.0,0.0
0021800372,1610612739,Cleveland,Cavaliers,1627790,Ante,Zizic,26020.0,28800.0,2.0,2.0,0.2
0021800372,1610612739,Cleveland,Cavaliers,1627883,Jalen,Jones,26020.0,28800.0,0.0,2.0,0.1
0021800372,1610612739,Cleveland,Cavaliers,1628417,Jaron,Blossomgame,5820.0,8060.0,0.0,6.0,0.167
0021800372,1610612739,Cleveland,Cavaliers,1628417,Jaron,Blossomgame,13560.0,14400.0,0.0,1.0,0.0
0021800372,1610612739,Cleveland,Cavaliers,1628417,Jaron,Blossomgame,19510.0,23300.0,0.0,-8.0,0.071
0021800372,1610612739,Cleveland,Cavaliers,1628417,Jaron,Blossomgame,25660.0,28800.0,2.0,-1.0,0.091
0021800372,1610612739,Cleveland,Cavaliers,1629012,Collin,Sexton,0.0,4990.0,4.0,-9.0,0.278
0021800372,1610612739,Cleveland,Cavaliers,1629012,Collin,Sexton,9050.0,19970.0,17.0,-5.0,0.293
0021800372,1610612739,Cleveland,Cavaliers,1629012,Collin,Sexton,21600.0,26500.0,2.0,-14.0,0.389
0021800625,1610612739,Cleveland,Cavaliers,202684,Tristan,Thompson,0.0,5800.0,4.0,-12.0,0.2
0021800625,1610612739,Cleveland,Cavaliers,202684,Tristan,Thompson,10000.0,18760.0,2.0,-9.0,0.135
0021800625,1610612739,Cleveland,Cavaliers,202692,Alec,Burks,0.0,5800.0,3.0,-12.0,0.2
0021800625,1610612739,Cleveland,Cavaliers,202692,Alec,Burks,10000.0,20590.0,10.0,-10.0,0.163
0021800625,1610612739,Cleveland,Cavaliers,203521,Matthew,Dellavedova,4530.0,9660.0,6.0,-7.0,0.25
0021800625,1610612739,Cleveland,Cavaliers,203521,Matthew,Dellavedova,18520.0,25270.0,0.0,-11.0,0.154
0021800625,1610612739,Cleveland,Cavaliers,203903,Jordan,Clarkson,3090.0,10000.0,7.0,-18.0,0.308
0021800625,1610612739,Cleveland,Cavaliers,203903,Jordan,Clarkson,17730.0,25880.0,5.0,-14.0,0.219
0021800625,1610612739,Cleveland,Cavaliers,203918,Rodney,Hood,0.0,3090.0,0.0,-4.0,0.0
0021800625,1610612739,Cleveland,Cavaliers,203918,Rodney,Hood,10000.0,17730.0,6.0,-6.0,0.281
0021800625,1610612739,Cleveland,Cavaliers,1626166,Cameron,Payne,5800.0,10000.0,0.0,-10.0,0.235
0021800625,1610612739,Cleveland,Cavaliers,1626166,Cameron,Payne,20590.0,28800.0,9.0,4.0,0.257
0021800625,1610612739,Cleveland,Cavaliers,1626224,Cedi,Osman,0.0,6752.0,6.0,-17.0,0.292
0021800625,1610612739,Cleveland,Cavaliers,1626224,Cedi,Osman,10750.0,20590.0,9.0,-10.0,0.154
0021800625,1610612739,Cleveland,Cavaliers,1627790,Ante,Zizic,5800.0,10000.0,4.0,-10.0,0.176
0021800625,1610612739,Cleveland,Cavaliers,1627790,Ante,Zizic,18760.0,28800.0,14.0,3.0,0.167
0021800625,1610612739,Cleveland,Cavaliers,1627883,Jalen,Jones,6752.0,10750.0,3.0,-5.0,0.059
0021800625,1610612739,Cleveland,Cavaliers,1627883,Jalen,Jones,20590.0,28800.0,9.0,4.0,0.2
0021800625,1610612739,Cleveland,Cavaliers,1628417,Jaron,Blossomgame,25880.0,28800.0,2.0,14.0,0.071
0021800625,1610612739,Cleveland,Cavaliers,1629012,Collin,Sexton,0.0,4530.0,0.0,-9.0,0.118
0021800625,1610612739,Cleveland,Cavaliers,1629012,Collin,Sexton,9660.0,18520.0,12.0,-13.0,0.278
0021800625,1610612739,Cleveland,Cavaliers,1629012,Collin,Sexton,25270.0,28800.0,2.0,12.0,0.176
0021800256,1610612739,Cleveland,Cavaliers,2594,Kyle,Korver,6686.0,10650.0,6.0,1.0,0.214
0021800256,1610612739,Cleveland,Cavaliers,2594,Kyle,Korver,18760.0,25180.0,3.0,2.0,0.08
0021800256,1610612739,Cleveland,Cavaliers,2594,Kyle,Korver,28604.0,28687.0,0.0,1.0,0.5
0021800256,1610612739,Cleveland,Cavaliers,2594,Kyle,Korver,28704.0,28800.0,0.0,0.0,0.0
0021800256,1610612739,Cleveland,Cavaliers,202684,Tristan,Thompson,0.0,5370.0,6.0,1.0,0.318
0021800256,1610612739,Cleveland,Cavaliers,202684,Tristan,Thompson,9400.0,18540.0,8.0,-6.0,0.237
0021800256,1610612739,Cleveland,Cavaliers,202684,Tristan,Thompson,25180.0,28604.0,0.0,-8.0,0.1
0021800256,1610612739,Cleveland,Cavaliers,203903,Jordan,Clarkson,2060.0,8470.0,3.0,7.0,0.259
0021800256,1610612739,Cleveland,Cavaliers,203903,Jordan,Clarkson,18110.0,27410.0,17.0,-2.0,0.353
0021800256,1610612739,Cleveland,Cavaliers,203903,Jordan,Clarkson,28604.0,28800.0,0.0,-1.0,0.333
0021800256,1610612739,Cleveland,Cavaliers,203918,Rodney,Hood,0.0,2060.0,0.0,0.0,0.143
0021800256,1610612739,Cleveland,Cavaliers,203918,Rodney,Hood,4860.0,18110.0,9.0,1.0,0.167
0021800256,1610612739,Cleveland,Cavaliers,203918,Rodney,Hood,23610.0,28800.0,0.0,-5.0,0.053
0021800256,1610612739,Cleveland,Cavaliers,1626150,Andrew,Harrison,6686.0,10340.0,2.0,3.0,0.154
0021800256,1610612739,Cleveland,Cavaliers,1626150,Andrew,Harrison,20010.0,23610.0,4.0,-2.0,0.25
0021800256,1610612739,Cleveland,Cavaliers,1626204,Larry,Nance Jr.,5370.0,9400.0,5.0,8.0,0.267
0021800256,1610612739,Cleveland,Cavaliers,1626204,Larry,Nance Jr.,18540.0,25180.0,2.0,2.0,0.192
0021800256,1610612739,Cleveland,Cavaliers,1626204,Larry,Nance Jr.,28571.0,28687.0,0.0,0.0,0.0
0021800256,1610612739,Cleveland,Cavaliers,1626224,Cedi,Osman,0.0,6686.0,3.0,3.0,0.074
0021800256,1610612739,Cleveland,Cavaliers,1626224,Cedi,Osman,8470.0,23610.0,12.0,-6.0,0.131
0021800256,1610612739,Cleveland,Cavaliers,1626224,Cedi,Osman,25180.0,28800.0,6.0,-9.0,0.308
0021800256,1610612739,Cleveland,Cavaliers,1628021,David,Nwaba,0.0,4860.0,0.0,-1.0,0.158
0021800256,1610612739,Cleveland,Cavaliers,1628021,David,Nwaba,10650.0,18760.0,7.0,-1.0,0.176
0021800256,1610612739,Cleveland,Cavaliers,1628021,David,Nwaba,27410.0,28571.0,0.0,0.0,0.0
0021800256,1610612739,Cleveland,Cavaliers,1628021,David,Nwaba,28687.0,28704.0,0.0,-2.0,0.0
0021800256,1610612739,Cleveland,Cavaliers,1629012,Collin,Sexton,0.0,6686.0,8.0,3.0,0.185
0021800256,1610612739,Cleveland,Cavaliers,1629012,Collin,Sexton,10340.0,20010.0,4.0,-3.0,0.275
0021800256,1610612739,Cleveland,Cavaliers,1629012,Collin,Sexton,23610.0,28604.0,0.0,-4.0,0.125
0021800256,1610612739,Cleveland,Cavaliers,1629012,Collin,Sexton,28687.0,28800.0,0.0,-2.0,0.0
0021800675,1610612739,Cleveland,Cavaliers,101112,Channing,Frye,4190.0,8710.0,0.0,-9.0,0.045
0021800675,1610612739,Cleveland,Cavaliers,101112,Channing,Frye,17960.0,21600.0,4.0,-2.0,0.429
0021800675,1610612739,Cleveland,Cavaliers,202692,Alec,Burks,0.0,5580.0,4.0,-4.0,0.136
0021800675,1610612739,Cleveland,Cavaliers,202692,Alec,Burks,9260.0,17960.0,2.0,-19.0,0.25
0021800675,1610612739,Cleveland,Cavaliers,203521,Matthew,Dellavedova,4550.0,8710.0,7.0,-5.0,0.286
0021800675,1610612739,Cleveland,Cavaliers,203521,Matthew,Dellavedova,17960.0,24510.0,3.0,7.0,0.16
0021800675,1610612739,Cleveland,Cavaliers,203903,Jordan,Clarkson,4020.0,8410.0,2.0,-7.0,0.35
0021800675,1610612739,Cleveland,Cavaliers,203903,Jordan,Clarkson,11570.0,14400.0,3.0,-4.0,0.25
0021800675,1610612739,Cleveland,Cavaliers,203903,Jordan,Clarkson,17230.0,28800.0,8.0,8.0,0.122
0021800675,1610612739,Cleveland,Cavaliers,203918,Rodney,Hood,0.0,4020.0,0.0,-1.0,0.25
0021800675,1610612739,Cleveland,Cavaliers,203918,Rodney,Hood,8410.0,11570.0,4.0,-12.0,0.25
0021800675,1610612739,Cleveland,Cavaliers,203918,Rodney,Hood,14400.0,17230.0,0.0,0.0,0.1
0021800675,1610612739,Cleveland,Cavaliers,1626166,Cameron,Payne,5580.0,9260.0,4.0,-8.0,0.222
0021800675,1610612739,Cleveland,Cavaliers,1626166,Cameron,Payne,17960.0,28800.0,10.0,15.0,0.154
0021800675,1610612739,Cleveland,Cavaliers,1626224,Cedi,Osman,0.0,5580.0,2.0,-4.0,0.136
0021800675,1610612739,Cleveland,Cavaliers,1626224,Cedi,Osman,9260.0,17960.0,5.0,-19.0,0.139
0021800675,1610612739,Cleveland,Cavaliers,1627790,Ante,Zizic,0.0,4190.0,1.0,-1.0,0.063
0021800675,1610612739,Cleveland,Cavaliers,1627790,Ante,Zizic,8710.0,17960.0,2.0,-21.0,0.135
0021800675,1610612739,Cleveland,Cavaliers,1627790,Ante,Zizic,21600.0,28800.0,12.0,17.0,0.28
0021800675,1610612739,Cleveland,Cavaliers,1628417,Jaron,Blossomgame,5580.0,9260.0,2.0,-8.0,0.056
0021800675,1610612739,Cleveland,Cavaliers,1628417,Jaron,Blossomgame,17960.0,28800.0,9.0,15.0,0.128
0021800675,1610612739,Cleveland,Cavaliers,1629012,Collin,Sexton,0.0,4550.0,4.0,-5.0,0.412
0021800675,1610612739,Cleveland,Cavaliers,1629012,Collin,Sexton,8710.0,17960.0,4.0,-21.0,0.243
0021800675,1610612739,Cleveland,Cavaliers,1629012,Collin,Sexton,24510.0,28800.0,7.0,8.0,0.357
0021800599,1610612739,Cleveland,Cavaliers,101112,Channing,Frye,14400.0,18710.0,7.0,-3.0,0.214
0021800599,1610612739,Cleveland,Cavaliers,202684,Tristan,Thompson,0.0,4310.0,0.0,-14.0,0.118
0021800599,1610612739,Cleveland,Cavaliers,202684,Tristan,Thompson,9400.0,21600.0,11.0,9.0,0.216
0021800599,1610612739,Cleveland,Cavaliers,202684,Tristan,Thompson,24380.0,28800.0,4.0,1.0,0.222
0021800599,1610612739,Cleveland,Cavaliers,202692,Alec,Burks,0.0,5500.0,3.0,-16.0,0.095
0021800599,1610612739,Cleveland,Cavaliers,202692,Alec,Burks,9880.0,19270.0,12.0,4.0,0.241
0021800599,1610612739,Cleveland,Cavaliers,202692,Alec,Burks,25770.0,28800.0,4.0,6.0,0.133
0021800599,1610612739,Cleveland,Cavaliers,203521,Matthew,Dellavedova,4310.0,8630.0,0.0,-8.0,0.118
0021800599,1610612739,Cleveland,Cavaliers,203521,Matthew,Dellavedova,18710.0,25200.0,0.0,9.0,0.125
0021800599,1610612739,Cleveland,Cavaliers,203903,Jordan,Clarkson,2850.0,12050.0,11.0,-19.0,0.382
0021800599,1610612739,Cleveland,Cavaliers,203903,Jordan,Clarkson,18710.0,28800.0,15.0,15.0,0.308
0021800599,1610612739,Cleveland,Cavaliers,1626166,Cameron,Payne,5500.0,9880.0,2.0,-7.0,0.188
0021800599,1610612739,Cleveland,Cavaliers,1626166,Cameron,Payne,12050.0,14400.0,0.0,6.0,0.0
0021800599,1610612739,Cleveland,Cavaliers,1626166,Cameron,Payne,19270.0,25770.0,8.0,5.0,0.217
0021800599,1610612739,Cleveland,Cavaliers,1626204,Larry,Nance Jr.,0.0,3090.0,1.0,-6.0,0.273
0021800599,1610612739,Cleveland,Cavaliers,1626224,Cedi,Osman,0.0,2850.0,0.0,-7.0,0.2
0021800599,1610612739,Cleveland,Cavaliers,1626224,Cedi,Osman,8630.0,13760.0,5.0,0.0,0.188
0021800599,1610612739,Cleveland,Cavaliers,1626224,Cedi,Osman,14400.0,20500.0,0.0,4.0,0.1
0021800599,1610612739,Cleveland,Cavaliers,1626224,Cedi,Osman,23600.0,28800.0,10.0,6.0,0.273
0021800599,1610612739,Cleveland,Cavaliers,1627790,Ante,Zizic,4310.0,9400.0,4.0,-8.0,0.1
0021800599,1610612739,Cleveland,Cavaliers,1627790,Ante,Zizic,21600.0,24380.0,2.0,4.0,0.167
0021800599,1610612739,Cleveland,Cavaliers,1627883,Jalen,Jones,3090.0,8630.0,2.0,-16.0,0.136
0021800599,1610612739,Cleveland,Cavaliers,1627883,Jalen,Jones,13760.0,14400.0,0.0,2.0,0.0
0021800599,1610612739,Cleveland,Cavaliers,1627883,Jalen,Jones,20500.0,23600.0,0.0,2.0,0.091
0021800599,1610612739,Cleveland,Cavaliers,1629012,Collin,Sexton,0.0,4310.0,4.0,-14.0,0.235
0021800599,1610612739,Cleveland,Cavaliers,1629012,Collin,Sexton,8630.0,18710.0,7.0,-1.0,0.25
0021800599,1610612739,Cleveland,Cavaliers,1629012,Collin,Sexton,25200.0,28800.0,3.0,6.0,0.063
0021800295,1610612739,Cleveland,Cavaliers,2594,Kyle,Korver,7200.0,12710.0,8.0,-7.0,0.238
0021800295,1610612739,Cleveland,Cavaliers,2594,Kyle,Korver,21266.0,28800.0,14.0,0.0,0.233
0021800295,1610612739,Cleveland,Cavaliers,202684,Tristan,Thompson,0.0,7200.0,10.0,-3.0,0.25
0021800295,1610612739,Cleveland,Cavaliers,202684,Tristan,Thompson,9960.0,21600.0,2.0,7.0,0.119
0021800295,1610612739,Cleveland,Cavaliers,202684,Tristan,Thompson,23740.0,28800.0,4.0,5.0,0.143
0021800295,1610612739,Cleveland,Cavaliers,203903,Jordan,Clarkson,4630.0,9370.0,0.0,-16.0,0.176
0021800295,1610612739,Cleveland,Cavaliers,203903,Jordan,Clarkson,18460.0,26680.0,4.0,5.0,0.179
0021800295,1610612739,Cleveland,Cavaliers,203918,Rodney,Hood,0.0,7200.0,4.0,-3.0,0.214
0021800295,1610612739,Cleveland,Cavaliers,203918,Rodney,Hood,9370.0,21266.0,14.0,5.0,0.25
0021800295,1610612739,Cleveland,Cavaliers,203918,Rodney,Hood,26680.0,28800.0,2.0,0.0,0.3
0021800295,1610612739,Cleveland,Cavaliers,1626150,Andrew,Harrison,6080.0,9370.0,2.0,-7.0,0.154
0021800295,1610612739,Cleveland,Cavaliers,1626150,Andrew,Harrison,21600.0,23740.0,0.0,-8.0,0.0
0021800295,1610612739,Cleveland,Cavaliers,1626204,Larry,Nance Jr.,0.0,5420.0,2.0,0.0,0.091
0021800295,1610612739,Cleveland,Cavaliers,1626204,Larry,Nance Jr.,9150.0,20230.0,8.0,6.0,0.171
0021800295,1610612739,Cleveland,Cavaliers,1626204,Larry,Nance Jr.,21600.0,28190.0,2.0,-6.0,0.182
0021800295,1610612739,Cleveland,Cavaliers,1626224,Cedi,Osman,0.0,4630.0,2.0,4.0,0.158
0021800295,1610612739,Cleveland,Cavaliers,1626224,Cedi,Osman,5420.0,9150.0,0.0,-12.0,0.231
0021800295,1610612739,Cleveland,Cavaliers,1626224,Cedi,Osman,12710.0,18460.0,3.0,-2.0,0.143
0021800295,1610612739,Cleveland,Cavaliers,1626224,Cedi,Osman,20230.0,23740.0,3.0,-6.0,0.308
0021800295,1610612739,Cleveland,Cavaliers,1626224,Cedi,Osman,28190.0,28800.0,0.0,3.0,0.0
0021800295,1610612739,Cleveland,Cavaliers,1627790,Ante,Zizic,7200.0,9960.0,0.0,-8.0,0.091
0021800295,1610612739,Cleveland,Cavaliers,1629012,Collin,Sexton,0.0,6080.0,6.0,-5.0,0.292
0021800295,1610612739,Cleveland,Cavaliers,1629012,Collin,Sexton,9370.0,21600.0,5.0,8.0,0.261
0021800295,1610612739,Cleveland,Cavaliers,1629012,Collin,Sexton,23740.0,28800.0,0.0,5.0,0.19
0021800969,1610612739,Cleveland,Cavaliers,201567,Kevin,Love,0.0,4240.0,0.0,-7.0,0.2
0021800969,1610612739,Cleveland,Cavaliers,201567,Kevin,Love,9240.0,18520.0,16.0,11.0,0.194
0021800969,1610612739,Cleveland,Cavaliers,201567,Kevin,Love,23430.0,28800.0,8.0,-2.0,0.217
0021800969,1610612739,Cleveland,Cavaliers,202688,Brandon,Knight,0.0,4240.0,3.0,-7.0,0.15
0021800969,1610612739,Cleveland,Cavaliers,202688,Brandon,Knight,11310.0,18520.0,1.0,4.0,0.143
0021800969,1610612739,Cleveland,Cavaliers,203521,Matthew,Dellavedova,5480.0,11310.0,2.0,7.0,0.208
0021800969,1610612739,Cleveland,Cavaliers,203521,Matthew,Dellavedova,19820.0,24400.0,0.0,-5.0,0.111
0021800969,1610612739,Cleveland,Cavaliers,203903,Jordan,Clarkson,4240.0,11310.0,7.0,5.0,0.241
0021800969,1610612739,Cleveland,Cavaliers,203903,Jordan,Clarkson,18520.0,24400.0,4.0,-4.0,0.217
0021800969,1610612739,Cleveland,Cavaliers,203903,Jordan,Clarkson,26090.0,28800.0,3.0,5.0,0.167
0021800969,1610612739,Cleveland,Cavaliers,203917,Nik,Stauskas,7200.0,11590.0,0.0,7.0,0.053
0021800969,1610612739,Cleveland,Cavaliers,203917,Nik,Stauskas,21000.0,26090.0,6.0,-19.0,0.25
0021800969,1610612739,Cleveland,Cavaliers,1626204,Larry,Nance Jr.,0.0,5300.0,5.0,-9.0,0.2
0021800969,1610612739,Cleveland,Cavaliers,1626204,Larry,Nance Jr.,11590.0,19820.0,8.0,7.0,0.188
0021800969,1610612739,Cleveland,Cavaliers,1626204,Larry,Nance Jr.,22590.0,28800.0,4.0,-4.0,0.154
0021800969,1610612739,Cleveland,Cavaliers,1626224,Cedi,Osman,0.0,7200.0,3.0,-11.0,0.125
0021800969,1610612739,Cleveland,Cavaliers,1626224,Cedi,Osman,11590.0,21000.0,2.0,12.0,0.194
0021800969,1610612739,Cleveland,Cavaliers,1626224,Cedi,Osman,24400.0,28800.0,0.0,-4.0,0.056
0021800969,1610612739,Cleveland,Cavaliers,1627737,Marquese,Chriss,5300.0,9240.0,0.0,0.0,0.188
0021800969,1610612739,Cleveland,Cavaliers,1627737,Marquese,Chriss,19820.0,22590.0,1.0,-5.0,0.364
0021800969,1610612739,Cleveland,Cavaliers,1628021,David,Nwaba,4240.0,11590.0,14.0,3.0,0.323
0021800969,1610612739,Cleveland,Cavaliers,1628021,David,Nwaba,18520.0,23430.0,8.0,-6.0,0.167
0021800969,1610612739,Cleveland,Cavaliers,1629012,Collin,Sexton,0.0,5480.0,6.0,-9.0,0.269
0021800969,1610612739,Cleveland,Cavaliers,1629012,Collin,Sexton,11310.0,19820.0,6.0,5.0,0.242
0021800969,1610612739,Cleveland,Cavaliers,1629012,Collin,Sexton,24400.0,28800.0,0.0,-4.0,0.222
0021800203,1610612739,Cleveland,Cavaliers,2747,JR,Smith,0.0,4810.0,4.0,-11.0,0.167
0021800203,1610612739,Cleveland,Cavaliers,2747,JR,Smith,9000.0,18880.0,2.0,0.0,0.213
0021800203,1610612739,Cleveland,Cavaliers,101112,Channing,Frye,24870.0,28800.0,0.0,-1.0,0.286
0021800203,1610612739,Cleveland,Cavaliers,202684,Tristan,Thompson,0.0,2140.0,0.0,-7.0,0.167
0021800203,1610612739,Cleveland,Cavaliers,202684,Tristan,Thompson,9940.0,14097.0,7.0,1.0,0.368
0021800203,1610612739,Cleveland,Cavaliers,202684,Tristan,Thompson,14400.0,19710.0,2.0,1.0,0.13
0021800203,1610612739,Cleveland,Cavaliers,203903,Jordan,Clarkson,3930.0,9000.0,4.0,-13.0,0.348
0021800203,1610612739,Cleveland,Cavaliers,203903,Jordan,Clarkson,10220.0,14097.0,1.0,4.0,0.111
0021800203,1610612739,Cleveland,Cavaliers,203903,Jordan,Clarkson,18880.0,26340.0,4.0,-2.0,0.321
0021800203,1610612739,Cleveland,Cavaliers,203918,Rodney,Hood,0.0,3930.0,4.0,-7.0,0.167
0021800203,1610612739,Cleveland,Cavaliers,203918,Rodney,Hood,9000.0,10220.0,2.0,-5.0,0.143
0021800203,1610612739,Cleveland,Cavaliers,203918,Rodney,Hood,14400.0,18880.0,4.0,1.0,0.3
0021800203,1610612739,Cleveland,Cavaliers,1626150,Andrew,Harrison,7200.0,9940.0,3.0,-10.0,0.167
0021800203,1610612739,Cleveland,Cavaliers,1626150,Andrew,Harrison,14097.0,14400.0,0.0,0.0,0.0
0021800203,1610612739,Cleveland,Cavaliers,1626150,Andrew,Harrison,20610.0,28800.0,7.0,-1.0,0.172
0021800203,1610612739,Cleveland,Cavaliers,1626204,Larry,Nance Jr.,0.0,5120.0,2.0,-13.0,0.15
0021800203,1610612739,Cleveland,Cavaliers,1626204,Larry,Nance Jr.,9000.0,19710.0,8.0,0.0,0.12
0021800203,1610612739,Cleveland,Cavaliers,1626224,Cedi,Osman,4810.0,9000.0,2.0,-9.0,0.111
0021800203,1610612739,Cleveland,Cavaliers,1626224,Cedi,Osman,18880.0,28800.0,2.0,-4.0,0.167
0021800203,1610612739,Cleveland,Cavaliers,1627790,Ante,Zizic,5120.0,9000.0,2.0,-7.0,0.063
0021800203,1610612739,Cleveland,Cavaliers,1627790,Ante,Zizic,19710.0,24870.0,0.0,-3.0,0.053
0021800203,1610612739,Cleveland,Cavaliers,1628021,David,Nwaba,2140.0,9940.0,2.0,-15.0,0.061
0021800203,1610612739,Cleveland,Cavaliers,1628021,David,Nwaba,14097.0,14400.0,0.0,0.0,0.333
0021800203,1610612739,Cleveland,Cavaliers,1628021,David,Nwaba,19710.0,28800.0,9.0,-4.0,0.212
0021800203,1610612739,Cleveland,Cavaliers,1629012,Collin,Sexton,0.0,7200.0,9.0,-12.0,0.333
0021800203,1610612739,Cleveland,Cavaliers,1629012,Collin,Sexton,9940.0,20610.0,11.0,-1.0,0.224
0021800203,1610612739,Cleveland,Cavaliers,1629012,Collin,Sexton,26340.0,28800.0,4.0,-2.0,0.25
0021800395,1610612739,Cleveland,Cavaliers,101112,Channing,Frye,8100.0,11200.0,3.0,-12.0,0.182
0021800395,1610612739,Cleveland,Cavaliers,202684,Tristan,Thompson,0.0,4440.0,4.0,-6.0,0.111
0021800395,1610612739,Cleveland,Cavaliers,202684,Tristan,Thompson,7154.0,7200.0,0.0,-2.0,0.0
0021800395,1610612739,Cleveland,Cavaliers,202684,Tristan,Thompson,11200.0,17390.0,8.0,-2.0,0.208
0021800395,1610612739,Cleveland,Cavaliers,202692,Alec,Burks,0.0,4440.0,3.0,-6.0,0.167
0021800395,1610612739,Cleveland,Cavaliers,202692,Alec,Burks,9330.0,17390.0,0.0,-13.0,0.097
0021800395,1610612739,Cleveland,Cavaliers,202692,Alec,Burks,23860.0,28800.0,0.0,6.0,0.176
0021800395,1610612739,Cleveland,Cavaliers,203521,Matthew,Dellavedova,4830.0,7200.0,3.0,-7.0,0.111
0021800395,1610612739,Cleveland,Cavaliers,203521,Matthew,Dellavedova,11900.0,14400.0,2.0,1.0,0.4
0021800395,1610612739,Cleveland,Cavaliers,203521,Matthew,Dellavedova,18870.0,23450.0,6.0,3.0,0.263
0021800395,1610612739,Cleveland,Cavaliers,203903,Jordan,Clarkson,4090.0,9330.0,8.0,-3.0,0.45
0021800395,1610612739,Cleveland,Cavaliers,203903,Jordan,Clarkson,16940.0,23860.0,1.0,-3.0,0.233
0021800395,1610612739,Cleveland,Cavaliers,203918,Rodney,Hood,0.0,4090.0,0.0,-6.0,0.235
0021800395,1610612739,Cleveland,Cavaliers,203918,Rodney,Hood,8800.0,16940.0,3.0,-8.0,0.125
0021800395,1610612739,Cleveland,Cavaliers,1626204,Larry,Nance Jr.,4440.0,7154.0,2.0,-5.0,0.3
0021800395,1610612739,Cleveland,Cavaliers,1626204,Larry,Nance Jr.,7200.0,8100.0,0.0,5.0,0.0
0021800395,1610612739,Cleveland,Cavaliers,1626204,Larry,Nance Jr.,17390.0,28800.0,14.0,6.0,0.2
0021800395,1610612739,Cleveland,Cavaliers,1626224,Cedi,Osman,0.0,5850.0,2.0,-11.0,0.13
0021800395,1610612739,Cleveland,Cavaliers,1626224,Cedi,Osman,9820.0,17390.0,2.0,-8.0,0.276
0021800395,1610612739,Cleveland,Cavaliers,1626224,Cedi,Osman,23450.0,28050.0,4.0,6.0,0.176
0021800395,1610612739,Cleveland,Cavaliers,1627883,Jalen,Jones,4440.0,8800.0,0.0,-5.0,0.063
0021800395,1610612739,Cleveland,Cavaliers,1627883,Jalen,Jones,17390.0,23450.0,1.0,0.0,0.185
0021800395,1610612739,Cleveland,Cavaliers,1627883,Jalen,Jones,28050.0,28800.0,0.0,0.0,0.0
0021800395,1610612739,Cleveland,Cavaliers,1628417,Jaron,Blossomgame,5850.0,9820.0,5.0,-3.0,0.133
0021800395,1610612739,Cleveland,Cavaliers,1628417,Jaron,Blossomgame,17390.0,28800.0,6.0,6.0,0.089
0021800395,1610612739,Cleveland,Cavaliers,1629012,Collin,Sexton,0.0,4830.0,0.0,-6.0,0.316
0021800395,1610612739,Cleveland,Cavaliers,1629012,Collin,Sexton,7200.0,11900.0,0.0,-6.0,0.211
0021800395,1610612739,Cleveland,Cavaliers,1629012,Collin,Sexton,14400.0,18870.0,5.0,-7.0,0.25
0021800395,1610612739,Cleveland,Cavaliers,1629012,Collin,Sexton,23450.0,28800.0,10.0,6.0,0.368
0021800332,1610612739,Cleveland,Cavaliers,101112,Channing,Frye,21600.0,23680.0,0.0,0.0,0.0
0021800332,1610612739,Cleveland,Cavaliers,201588,George,Hill,0.0,2980.0,0.0,4.0,0.0
0021800332,1610612739,Cleveland,Cavaliers,201588,George,Hill,10110.0,18520.0,8.0,-10.0,0.2
0021800332,1610612739,Cleveland,Cavaliers,202684,Tristan,Thompson,0.0,4970.0,2.0,-3.0,0.143
0021800332,1610612739,Cleveland,Cavaliers,202684,Tristan,Thompson,5310.0,10670.0,2.0,2.0,0.182
0021800332,1610612739,Cleveland,Cavaliers,202684,Tristan,Thompson,13200.0,21600.0,6.0,4.0,0.2
0021800332,1610612739,Cleveland,Cavaliers,202684,Tristan,Thompson,23680.0,28800.0,8.0,-1.0,0.2
0021800332,1610612739,Cleveland,Cavaliers,202692,Alec,Burks,4970.0,9680.0,0.0,1.0,0.2
0021800332,1610612739,Cleveland,Cavaliers,202692,Alec,Burks,19140.0,28800.0,13.0,6.0,0.316
0021800332,1610612739,Cleveland,Cavaliers,203903,Jordan,Clarkson,2980.0,10110.0,4.0,-6.0,0.241
0021800332,1610612739,Cleveland,Cavaliers,203903,Jordan,Clarkson,18520.0,28800.0,14.0,1.0,0.293
0021800332,1610612739,Cleveland,Cavaliers,203918,Rodney,Hood,0.0,4970.0,6.0,-3.0,0.238
0021800332,1610612739,Cleveland,Cavaliers,203918,Rodney,Hood,6390.0,19140.0,5.0,-17.0,0.1
0021800332,1610612739,Cleveland,Cavaliers,203918,Rodney,Hood,21600.0,28800.0,2.0,-1.0,0.111
0021800332,1610612739,Cleveland,Cavaliers,1626204,Larry,Nance Jr.,4970.0,8970.0,3.0,1.0,0.267
0021800332,1610612739,Cleveland,Cavaliers,1626204,Larry,Nance Jr.,10670.0,13200.0,0.0,-11.0,0.125
0021800332,1610612739,Cleveland,Cavaliers,1626204,Larry,Nance Jr.,18450.0,24970.0,0.0,3.0,0.042
0021800332,1610612739,Cleveland,Cavaliers,1626224,Cedi,Osman,0.0,5310.0,4.0,-5.0,0.227
0021800332,1610612739,Cleveland,Cavaliers,1626224,Cedi,Osman,8970.0,18450.0,5.0,-10.0,0.194
0021800332,1610612739,Cleveland,Cavaliers,1626224,Cedi,Osman,19140.0,21600.0,3.0,7.0,0.273
0021800332,1610612739,Cleveland,Cavaliers,1626224,Cedi,Osman,24970.0,28800.0,0.0,-2.0,0.118
0021800332,1610612739,Cleveland,Cavaliers,1629012,Collin,Sexton,0.0,6390.0,4.0,0.0,0.154
0021800332,1610612739,Cleveland,Cavaliers,1629012,Collin,Sexton,9680.0,19140.0,6.0,-15.0,0.306
0021800662,1610612739,Cleveland,Cavaliers,202684,Tristan,Thompson,0.0,5020.0,2.0,-4.0,0.158
0021800662,1610612739,Cleveland,Cavaliers,202684,Tristan,Thompson,10730.0,18590.0,2.0,-16.0,0.097
0021800662,1610612739,Cleveland,Cavaliers,202692,Alec,Burks,0.0,5020.0,3.0,-4.0,0.105
0021800662,1610612739,Cleveland,Cavaliers,202692,Alec,Burks,10880.0,17620.0,2.0,-12.0,0.154
0021800662,1610612739,Cleveland,Cavaliers,202692,Alec,Burks,26300.0,28800.0,2.0,-1.0,0.182
0021800662,1610612739,Cleveland,Cavaliers,203521,Matthew,Dellavedova,4660.0,10200.0,3.0,0.0,0.158
0021800662,1610612739,Cleveland,Cavaliers,203521,Matthew,Dellavedova,18330.0,24210.0,5.0,-1.0,0.304
0021800662,1610612739,Cleveland,Cavaliers,203903,Jordan,Clarkson,2300.0,10880.0,11.0,-3.0,0.3
0021800662,1610612739,Cleveland,Cavaliers,203903,Jordan,Clarkson,14155.0,14400.0,0.0,0.0,0.0
0021800662,1610612739,Cleveland,Cavaliers,203903,Jordan,Clarkson,17620.0,26300.0,11.0,-1.0,0.273
0021800662,1610612739,Cleveland,Cavaliers,203918,Rodney,Hood,0.0,4310.0,4.0,-1.0,0.25
0021800662,1610612739,Cleveland,Cavaliers,203918,Rodney,Hood,10730.0,18330.0,14.0,-14.0,0.3
0021800662,1610612739,Cleveland,Cavaliers,203918,Rodney,Hood,26010.0,28800.0,2.0,-1.0,0.333
0021800662,1610612739,Cleveland,Cavaliers,1626166,Cameron,Payne,5020.0,10730.0,2.0,2.0,0.105
0021800662,1610612739,Cleveland,Cavaliers,1626166,Cameron,Payne,19340.0,26010.0,10.0,5.0,0.231
0021800662,1610612739,Cleveland,Cavaliers,1626224,Cedi,Osman,0.0,2300.0,2.0,0.0,0.25
0021800662,1610612739,Cleveland,Cavaliers,1626224,Cedi,Osman,10200.0,11550.0,2.0,-6.0,0.5
0021800662,1610612739,Cleveland,Cavaliers,1626224,Cedi,Osman,14400.0,17620.0,0.0,-8.0,0.273
0021800662,1610612739,Cleveland,Cavaliers,1626224,Cedi,Osman,26010.0,28800.0,0.0,-1.0,0.0
0021800662,1610612739,Cleveland,Cavaliers,1627790,Ante,Zizic,5020.0,10730.0,6.0,2.0,0.211
0021800662,1610612739,Cleveland,Cavaliers,1627790,Ante,Zizic,18590.0,28800.0,10.0,1.0,0.175
0021800662,1610612739,Cleveland,Cavaliers,1628417,Jaron,Blossomgame,4310.0,10200.0,4.0,0.0,0.2
0021800662,1610612739,Cleveland,Cavaliers,1628417,Jaron,Blossomgame,11550.0,14400.0,0.0,0.0,0.0
0021800662,1610612739,Cleveland,Cavaliers,1628417,Jaron,Blossomgame,17620.0,26010.0,4.0,-1.0,0.125
0021800662,1610612739,Cleveland,Cavaliers,1629012,Collin,Sexton,0.0,4660.0,2.0,-1.0,0.176
0021800662,1610612739,Cleveland,Cavaliers,1629012,Collin,Sexton,10200.0,14155.0,3.0,-6.0,0.214
0021800662,1610612739,Cleveland,Cavaliers,1629012,Collin,Sexton,14400.0,19340.0,4.0,-14.0,0.222
0021800662,1610612739,Cleveland,Cavaliers,1629012,Collin,Sexton,24210.0,28800.0,2.0,0.0,0.167
0021801065,1610612739,Cleveland,Cavaliers,201567,Kevin,Love,0.0,5090.0,6.0,3.0,0.263
0021801065,1610612739,Cleveland,Cavaliers,201567,Kevin,Love,10100.0,16100.0,0.0,-3.0,0.259
0021801065,1610612739,Cleveland,Cavaliers,202684,Tristan,Thompson,4570.0,8780.0,5.0,4.0,0.118
0021801065,1610612739,Cleveland,Cavaliers,202684,Tristan,Thompson,11280.0,14400.0,2.0,-2.0,0.077
0021801065,1610612739,Cleveland,Cavaliers,202688,Brandon,Knight,0.0,3270.0,2.0,0.0,0.077
0021801065,1610612739,Cleveland,Cavaliers,202688,Brandon,Knight,5830.0,11280.0,6.0,11.0,0.261
0021801065,1610612739,Cleveland,Cavaliers,202688,Brandon,Knight,14400.0,17760.0,5.0,-9.0,0.308
0021801065,1610612739,Cleveland,Cavaliers,202688,Brandon,Knight,21600.0,25320.0,0.0,3.0,0.111
0021801065,1610612739,Cleveland,Cavaliers,203903,Jordan,Clarkson,3270.0,10100.0,8.0,11.0,0.269
0021801065,1610612739,Cleveland,Cavaliers,203903,Jordan,Clarkson,13040.0,14400.0,0.0,-5.0,0.333
0021801065,1610612739,Cleveland,Cavaliers,203903,Jordan,Clarkson,17760.0,28800.0,15.0,3.0,0.279
0021801065,1610612739,Cleveland,Cavaliers,203917,Nik,Stauskas,5530.0,10680.0,5.0,7.0,0.143
0021801065,1610612739,Cleveland,Cavaliers,203917,Nik,Stauskas,21600.0,25320.0,0.0,3.0,0.167
0021801065,1610612739,Cleveland,Cavaliers,203917,Nik,Stauskas,28708.0,28717.0,0.0,2.0,0.0
0021801065,1610612739,Cleveland,Cavaliers,1626204,Larry,Nance Jr.,5090.0,10100.0,5.0,8.0,0.1
0021801065,1610612739,Cleveland,Cavaliers,1626204,Larry,Nance Jr.,16100.0,21600.0,0.0,-8.0,0.111
0021801065,1610612739,Cleveland,Cavaliers,1626204,Larry,Nance Jr.,25320.0,28800.0,2.0,2.0,0.154
0021801065,1610612739,Cleveland,Cavaliers,1626224,Cedi,Osman,0.0,5530.0,7.0,4.0,0.286
0021801065,1610612739,Cleveland,Cavaliers,1626224,Cedi,Osman,10680.0,19520.0,1.0,-10.0,0.118
0021801065,1610612739,Cleveland,Cavaliers,1626224,Cedi,Osman,25320.0,28800.0,0.0,2.0,0.077
0021801065,1610612739,Cleveland,Cavaliers,1627737,Marquese,Chriss,17760.0,21600.0,1.0,-2.0,0.25
0021801065,1610612739,Cleveland,Cavaliers,1627790,Ante,Zizic,0.0,4570.0,0.0,3.0,0.0
0021801065,1610612739,Cleveland,Cavaliers,1627790,Ante,Zizic,14400.0,17760.0,0.0,-9.0,0.077
0021801065,1610612739,Cleveland,Cavaliers,1627790,Ante,Zizic,21600.0,28685.0,8.0,3.0,0.233
0021801065,1610612739,Cleveland,Cavaliers,1628021,David,Nwaba,8780.0,13040.0,2.0,9.0,0.167
0021801065,1610612739,Cleveland,Cavaliers,1628021,David,Nwaba,19520.0,25320.0,2.0,2.0,0.2
0021801065,1610612739,Cleveland,Cavaliers,1628021,David,Nwaba,28685.0,28708.0,0.0,0.0,0.0
0021801065,1610612739,Cleveland,Cavaliers,1628021,David,Nwaba,28717.0,28800.0,0.0,0.0,0.0
0021801065,1610612739,Cleveland,Cavaliers,1629012,Collin,Sexton,0.0,5830.0,4.0,2.0,0.261
0021801065,1610612739,Cleveland,Cavaliers,1629012,Collin,Sexton,10100.0,21600.0,13.0,-11.0,0.273
0021801065,1610612739,Cleveland,Cavaliers,1629012,Collin,Sexton,25320.0,28800.0,8.0,2.0,0.308
0021800063,1610612739,Cleveland,Cavaliers,2594,Kyle,Korver,4540.0,8690.0,5.0,4.0,0.2
0021800063,1610612739,Cleveland,Cavaliers,2594,Kyle,Korver,19260.0,28432.0,16.0,5.0,0.286
0021800063,1610612739,Cleveland,Cavaliers,2747,JR,Smith,5000.0,10480.0,0.0,-2.0,0.1
0021800063,1610612739,Cleveland,Cavaliers,2747,JR,Smith,14325.0,14400.0,0.0,2.0,0.0
0021800063,1610612739,Cleveland,Cavaliers,2747,JR,Smith,18430.0,24600.0,0.0,3.0,0.292
0021800063,1610612739,Cleveland,Cavaliers,2747,JR,Smith,28474.0,28800.0,0.0,0.0,0.0
0021800063,1610612739,Cleveland,Cavaliers,101112,Channing,Frye,0.0,5000.0,2.0,2.0,0.118
0021800063,1610612739,Cleveland,Cavaliers,101112,Channing,Frye,10480.0,14092.0,0.0,-8.0,0.077
0021800063,1610612739,Cleveland,Cavaliers,101112,Channing,Frye,14325.0,18430.0,3.0,-4.0,0.067
0021800063,1610612739,Cleveland,Cavaliers,201588,George,Hill,0.0,5000.0,6.0,2.0,0.294
0021800063,1610612739,Cleveland,Cavaliers,201588,George,Hill,10480.0,19260.0,9.0,-12.0,0.281
0021800063,1610612739,Cleveland,Cavaliers,202684,Tristan,Thompson,0.0,4540.0,2.0,0.0,0.25
0021800063,1610612739,Cleveland,Cavaliers,202684,Tristan,Thompson,10480.0,14325.0,0.0,-10.0,0.071
0021800063,1610612739,Cleveland,Cavaliers,202684,Tristan,Thompson,14400.0,18430.0,4.0,-6.0,0.286
0021800063,1610612739,Cleveland,Cavaliers,203903,Jordan,Clarkson,5650.0,10480.0,10.0,-1.0,0.222
0021800063,1610612739,Cleveland,Cavaliers,203903,Jordan,Clarkson,13250.0,14400.0,2.0,-4.0,0.25
0021800063,1610612739,Cleveland,Cavaliers,203903,Jordan,Clarkson,19260.0,25320.0,6.0,3.0,0.304
0021800063,1610612739,Cleveland,Cavaliers,203903,Jordan,Clarkson,28432.0,28800.0,0.0,0.0,0.0
0021800063,1610612739,Cleveland,Cavaliers,203918,Rodney,Hood,0.0,5650.0,4.0,1.0,0.211
0021800063,1610612739,Cleveland,Cavaliers,203918,Rodney,Hood,10480.0,19260.0,4.0,-12.0,0.219
0021800063,1610612739,Cleveland,Cavaliers,203918,Rodney,Hood,25320.0,28800.0,2.0,2.0,0.143
0021800063,1610612739,Cleveland,Cavaliers,1626204,Larry,Nance Jr.,4540.0,10480.0,6.0,0.0,0.182
0021800063,1610612739,Cleveland,Cavaliers,1626204,Larry,Nance Jr.,14092.0,14325.0,0.0,-2.0,0.0
0021800063,1610612739,Cleveland,Cavaliers,1626204,Larry,Nance Jr.,18430.0,28800.0,5.0,7.0,0.122
0021800063,1610612739,Cleveland,Cavaliers,1626224,Cedi,Osman,0.0,4540.0,3.0,0.0,0.125
0021800063,1610612739,Cleveland,Cavaliers,1626224,Cedi,Osman,8690.0,13250.0,0.0,-8.0,0.188
0021800063,1610612739,Cleveland,Cavaliers,1626224,Cedi,Osman,14400.0,19260.0,0.0,-4.0,0.167
0021800063,1610612739,Cleveland,Cavaliers,1626224,Cedi,Osman,24600.0,28474.0,0.0,4.0,0.067
0021800063,1610612739,Cleveland,Cavaliers,1629012,Collin,Sexton,5000.0,10480.0,4.0,-2.0,0.25
0021800063,1610612739,Cleveland,Cavaliers,1629012,Collin,Sexton,19260.0,28800.0,10.0,5.0,0.189
0021800780,1610612739,Cleveland,Cavaliers,202692,Alec,Burks,0.0,5290.0,4.0,-1.0,0.15
0021800780,1610612739,Cleveland,Cavaliers,202692,Alec,Burks,9390.0,19840.0,3.0,-4.0,0.093
0021800780,1610612739,Cleveland,Cavaliers,202692,Alec,Burks,23350.0,27780.0,4.0,-8.0,0.25
0021800780,1610612739,Cleveland,Cavaliers,203521,Matthew,Dellavedova,5290.0,10230.0,2.0,-2.0,0.111
0021800780,1610612739,Cleveland,Cavaliers,203521,Matthew,Dellavedova,19720.0,24940.0,2.0,-6.0,0.211
0021800780,1610612739,Cleveland,Cavaliers,203521,Matthew,Dellavedova,26610.0,27720.0,0.0,-4.0,0.25
0021800780,1610612739,Cleveland,Cavaliers,203903,Jordan,Clarkson,4590.0,13250.0,10.0,5.0,0.281
0021800780,1610612739,Cleveland,Cavaliers,203903,Jordan,Clarkson,17970.0,27720.0,9.0,-15.0,0.29
0021800780,1610612739,Cleveland,Cavaliers,203918,Rodney,Hood,0.0,4590.0,3.0,-4.0,0.176
0021800780,1610612739,Cleveland,Cavaliers,203918,Rodney,Hood,7200.0,10900.0,3.0,8.0,0.154
0021800780,1610612739,Cleveland,Cavaliers,203918,Rodney,Hood,13250.0,17970.0,0.0,-2.0,0.087
0021800780,1610612739,Cleveland,Cavaliers,203918,Rodney,Hood,19840.0,24940.0,0.0,-6.0,0.056
0021800780,1610612739,Cleveland,Cavaliers,1626204,Larry,Nance Jr.,4590.0,12140.0,7.0,6.0,0.133
0021800780,1610612739,Cleveland,Cavaliers,1626204,Larry,Nance Jr.,18510.0,27720.0,4.0,-16.0,0.172
0021800780,1610612739,Cleveland,Cavaliers,1626224,Cedi,Osman,0.0,4590.0,4.0,-4.0,0.235
0021800780,1610612739,Cleveland,Cavaliers,1626224,Cedi,Osman,5290.0,9390.0,6.0,-2.0,0.333
0021800780,1610612739,Cleveland,Cavaliers,1627790,Ante,Zizic,0.0,4590.0,4.0,-4.0,0.294
0021800780,1610612739,Cleveland,Cavaliers,1627790,Ante,Zizic,12140.0,18510.0,2.0,-2.0,0.179
0021800780,1610612739,Cleveland,Cavaliers,1627790,Ante,Zizic,27720.0,28800.0,2.0,3.0,0.2
0021800780,1610612739,Cleveland,Cavaliers,1628021,David,Nwaba,4590.0,7200.0,0.0,-5.0,0.0
0021800780,1610612739,Cleveland,Cavaliers,1628021,David,Nwaba,10900.0,17400.0,12.0,-2.0,0.276
0021800780,1610612739,Cleveland,Cavaliers,1628417,Jaron,Blossomgame,27720.0,28800.0,0.0,3.0,0.2
0021800780,1610612739,Cleveland,Cavaliers,1628424,Kobi,Simmons,27720.0,28800.0,0.0,3.0,0.0
0021800780,1610612739,Cleveland,Cavaliers,1629012,Collin,Sexton,0.0,5290.0,2.0,-1.0,0.15
0021800780,1610612739,Cleveland,Cavaliers,1629012,Collin,Sexton,10230.0,19720.0,9.0,-4.0,0.333
0021800780,1610612739,Cleveland,Cavaliers,1629012,Collin,Sexton,24940.0,28800.0,2.0,0.0,0.308
0021800780,1610612739,Cleveland,Cavaliers,1629061,Deng,Adel,17400.0,23350.0,2.0,-3.0,0.158
0021800780,1610612739,Cleveland,Cavaliers,1629061,Deng,Adel,24940.0,26610.0,2.0,1.0,0.2
0021800780,1610612739,Cleveland,Cavaliers,1629061,Deng,Adel,27780.0,28800.0,0.0,1.0,0.0
0021800470,1610612739,Cleveland,Cavaliers,202692,Alec,Burks,4030.0,12040.0,6.0,3.0,0.214
0021800470,1610612739,Cleveland,Cavaliers,202692,Alec,Burks,18660.0,24980.0,3.0,5.0,0.13
0021800470,1610612739,Cleveland,Cavaliers,202692,Alec,Burks,25980.0,28800.0,0.0,-9.0,0.077
0021800470,1610612739,Cleveland,Cavaliers,203521,Matthew,Dellavedova,4510.0,9670.0,6.0,-1.0,0.167
0021800470,1610612739,Cleveland,Cavaliers,203521,Matthew,Dellavedova,18660.0,24050.0,2.0,7.0,0.2
0021800470,1610612739,Cleveland,Cavaliers,203521,Matthew,Dellavedova,28349.0,28800.0,0.0,0.0,0.0
0021800470,1610612739,Cleveland,Cavaliers,203903,Jordan,Clarkson,3710.0,10600.0,5.0,-3.0,0.25
0021800470,1610612739,Cleveland,Cavaliers,203903,Jordan,Clarkson,12040.0,14400.0,3.0,-4.0,0.25
0021800470,1610612739,Cleveland,Cavaliers,203903,Jordan,Clarkson,17420.0,27790.0,12.0,-5.0,0.27
0021800470,1610612739,Cleveland,Cavaliers,203918,Rodney,Hood,0.0,4030.0,2.0,-6.0,0.133
0021800470,1610612739,Cleveland,Cavaliers,203918,Rodney,Hood,9670.0,12040.0,2.0,4.0,0.222
0021800470,1610612739,Cleveland,Cavaliers,203918,Rodney,Hood,14400.0,18660.0,2.0,-5.0,0.063
0021800470,1610612739,Cleveland,Cavaliers,1626204,Larry,Nance Jr.,0.0,4510.0,4.0,-6.0,0.235
0021800470,1610612739,Cleveland,Cavaliers,1626204,Larry,Nance Jr.,9670.0,18660.0,4.0,-5.0,0.121
0021800470,1610612739,Cleveland,Cavaliers,1626204,Larry,Nance Jr.,23180.0,27790.0,8.0,-2.0,0.25
0021800470,1610612739,Cleveland,Cavaliers,1626224,Cedi,Osman,0.0,3710.0,5.0,-6.0,0.308
0021800470,1610612739,Cleveland,Cavaliers,1626224,Cedi,Osman,9980.0,12040.0,2.0,6.0,0.125
0021800470,1610612739,Cleveland,Cavaliers,1626224,Cedi,Osman,13876.0,17580.0,4.0,0.0,0.308
0021800470,1610612739,Cleveland,Cavaliers,1626224,Cedi,Osman,24980.0,28800.0,1.0,-9.0,0.118
0021800470,1610612739,Cleveland,Cavaliers,1627790,Ante,Zizic,4510.0,9670.0,3.0,-1.0,0.222
0021800470,1610612739,Cleveland,Cavaliers,1627790,Ante,Zizic,18660.0,23180.0,6.0,3.0,0.294
0021800470,1610612739,Cleveland,Cavaliers,1627790,Ante,Zizic,27790.0,28800.0,2.0,-5.0,0.429
0021800470,1610612739,Cleveland,Cavaliers,1628021,David,Nwaba,0.0,3710.0,0.0,-6.0,0.0
0021800470,1610612739,Cleveland,Cavaliers,1628021,David,Nwaba,12040.0,13876.0,0.0,-6.0,0.143
0021800470,1610612739,Cleveland,Cavaliers,1628021,David,Nwaba,14400.0,17420.0,6.0,1.0,0.333
0021800470,1610612739,Cleveland,Cavaliers,1628417,Jaron,Blossomgame,3710.0,9980.0,2.0,-3.0,0.087
0021800470,1610612739,Cleveland,Cavaliers,1628417,Jaron,Blossomgame,12040.0,14400.0,0.0,-4.0,0.0
0021800470,1610612739,Cleveland,Cavaliers,1628417,Jaron,Blossomgame,17580.0,25980.0,3.0,2.0,0.097
0021800470,1610612739,Cleveland,Cavaliers,1628417,Jaron,Blossomgame,27790.0,28800.0,0.0,-5.0,0.143
0021800470,1610612739,Cleveland,Cavaliers,1629012,Collin,Sexton,0.0,4510.0,4.0,-6.0,0.294
0021800470,1610612739,Cleveland,Cavaliers,1629012,Collin,Sexton,10600.0,18660.0,11.0,-3.0,0.333
0021800470,1610612739,Cleveland,Cavaliers,1629012,Collin,Sexton,24050.0,28349.0,2.0,-11.0,0.294
0021800406,1610612739,Cleveland,Cavaliers,101112,Channing,Frye,0.0,4020.0,0.0,2.0,0.214
0021800406,1610612739,Cleveland,Cavaliers,101112,Channing,Frye,11270.0,16060.0,0.0,-12.0,0.0
0021800406,1610612739,Cleveland,Cavaliers,202692,Alec,Burks,0.0,4020.0,0.0,2.0,0.071
0021800406,1610612739,Cleveland,Cavaliers,202692,Alec,Burks,7200.0,12090.0,1.0,0.0,0.188
0021800406,1610612739,Cleveland,Cavaliers,202692,Alec,Burks,14400.0,19180.0,0.0,-4.0,0.158
0021800406,1610612739,Cleveland,Cavaliers,202692,Alec,Burks,26810.0,28800.0,0.0,3.0,0.1
0021800406,1610612739,Cleveland,Cavaliers,203521,Matthew,Dellavedova,4660.0,9970.0,9.0,12.0,0.136
0021800406,1610612739,Cleveland,Cavaliers,203521,Matthew,Dellavedova,19570.0,25540.0,4.0,2.0,0.304
0021800406,1610612739,Cleveland,Cavaliers,203521,Matthew,Dellavedova,27130.0,28800.0,2.0,3.0,0.111
0021800406,1610612739,Cleveland,Cavaliers,203903,Jordan,Clarkson,4020.0,11270.0,16.0,14.0,0.267
0021800406,1610612739,Cleveland,Cavaliers,203903,Jordan,Clarkson,12090.0,14400.0,2.0,-5.0,0.333
0021800406,1610612739,Cleveland,Cavaliers,203903,Jordan,Clarkson,17710.0,28563.0,10.0,1.0,0.286
0021800406,1610612739,Cleveland,Cavaliers,203918,Rodney,Hood,0.0,5390.0,13.0,8.0,0.318
0021800406,1610612739,Cleveland,Cavaliers,203918,Rodney,Hood,11270.0,17710.0,4.0,-16.0,0.154
0021800406,1610612739,Cleveland,Cavaliers,203918,Rodney,Hood,25540.0,27130.0,4.0,-2.0,0.5
0021800406,1610612739,Cleveland,Cavaliers,203918,Rodney,Hood,28475.0,28563.0,2.0,2.0,1.0
0021800406,1610612739,Cleveland,Cavaliers,1626204,Larry,Nance Jr.,4020.0,11270.0,0.0,14.0,0.067
0021800406,1610612739,Cleveland,Cavaliers,1626204,Larry,Nance Jr.,16060.0,28800.0,3.0,3.0,0.074
0021800406,1610612739,Cleveland,Cavaliers,1626224,Cedi,Osman,0.0,4660.0,2.0,6.0,0.111
0021800406,1610612739,Cleveland,Cavaliers,1626224,Cedi,Osman,8750.0,19570.0,2.0,-10.0,0.125
0021800406,1610612739,Cleveland,Cavaliers,1626224,Cedi,Osman,23070.0,26810.0,0.0,2.0,0.077
0021800406,1610612739,Cleveland,Cavaliers,1626224,Cedi,Osman,28563.0,28800.0,2.0,6.0,0.333
0021800406,1610612739,Cleveland,Cavaliers,1627883,Jalen,Jones,5390.0,8750.0,4.0,6.0,0.308
0021800406,1610612739,Cleveland,Cavaliers,1628021,David,Nwaba,4660.0,7200.0,3.0,10.0,0.333
0021800406,1610612739,Cleveland,Cavaliers,1628021,David,Nwaba,19570.0,23070.0,4.0,-2.0,0.267
0021800406,1610612739,Cleveland,Cavaliers,1628021,David,Nwaba,28563.0,28800.0,2.0,6.0,0.333
0021800406,1610612739,Cleveland,Cavaliers,1628417,Jaron,Blossomgame,19180.0,25540.0,5.0,-1.0,0.083
0021800406,1610612739,Cleveland,Cavaliers,1629012,Collin,Sexton,0.0,4660.0,6.0,6.0,0.278
0021800406,1610612739,Cleveland,Cavaliers,1629012,Collin,Sexton,9970.0,19570.0,13.0,-14.0,0.4
0021800406,1610612739,Cleveland,Cavaliers,1629012,Collin,Sexton,25540.0,28475.0,0.0,-7.0,0.182
0021800521,1610612739,Cleveland,Cavaliers,101112,Channing,Frye,0.0,3850.0,8.0,1.0,0.385
0021800521,1610612739,Cleveland,Cavaliers,101112,Channing,Frye,10830.0,12010.0,0.0,0.0,0.0
0021800521,1610612739,Cleveland,Cavaliers,101112,Channing,Frye,14400.0,17860.0,0.0,-3.0,0.143
0021800521,1610612739,Cleveland,Cavaliers,101112,Channing,Frye,26330.0,28800.0,0.0,-4.0,0.0
0021800521,1610612739,Cleveland,Cavaliers,202692,Alec,Burks,0.0,5720.0,7.0,1.0,0.2
0021800521,1610612739,Cleveland,Cavaliers,202692,Alec,Burks,10430.0,19900.0,10.0,-12.0,0.189
0021800521,1610612739,Cleveland,Cavaliers,202692,Alec,Burks,23820.0,26330.0,0.0,-6.0,0.273
0021800521,1610612739,Cleveland,Cavaliers,203521,Matthew,Dellavedova,4900.0,9840.0,0.0,1.0,0.211
0021800521,1610612739,Cleveland,Cavaliers,203521,Matthew,Dellavedova,18510.0,25200.0,9.0,-7.0,0.143
0021800521,1610612739,Cleveland,Cavaliers,203903,Jordan,Clarkson,3850.0,10430.0,9.0,-2.0,0.269
0021800521,1610612739,Cleveland,Cavaliers,203903,Jordan,Clarkson,12010.0,14400.0,2.0,-1.0,0.25
0021800521,1610612739,Cleveland,Cavaliers,203903,Jordan,Clarkson,19040.0,28800.0,7.0,-13.0,0.132
0021800521,1610612739,Cleveland,Cavaliers,1626204,Larry,Nance Jr.,3850.0,10830.0,6.0,-4.0,0.185
0021800521,1610612739,Cleveland,Cavaliers,1626204,Larry,Nance Jr.,12010.0,14074.0,0.0,1.0,0.0
0021800521,1610612739,Cleveland,Cavaliers,1626204,Larry,Nance Jr.,17860.0,26330.0,5.0,-13.0,0.257
0021800521,1610612739,Cleveland,Cavaliers,1626224,Cedi,Osman,0.0,5720.0,2.0,1.0,0.1
0021800521,1610612739,Cleveland,Cavaliers,1626224,Cedi,Osman,10430.0,19330.0,8.0,-12.0,0.257
0021800521,1610612739,Cleveland,Cavaliers,1626224,Cedi,Osman,23820.0,26330.0,2.0,-6.0,0.273
0021800521,1610612739,Cleveland,Cavaliers,1627883,Jalen,Jones,5720.0,12010.0,4.0,-4.0,0.192
0021800521,1610612739,Cleveland,Cavaliers,1627883,Jalen,Jones,14074.0,14400.0,0.0,-2.0,0.0
0021800521,1610612739,Cleveland,Cavaliers,1627883,Jalen,Jones,19330.0,23820.0,0.0,-1.0,0.167
0021800521,1610612739,Cleveland,Cavaliers,1627883,Jalen,Jones,26330.0,28800.0,0.0,-4.0,0.0
0021800521,1610612739,Cleveland,Cavaliers,1628417,Jaron,Blossomgame,0.0,3850.0,0.0,1.0,0.077
0021800521,1610612739,Cleveland,Cavaliers,1628417,Jaron,Blossomgame,5720.0,10430.0,3.0,-2.0,0.05
0021800521,1610612739,Cleveland,Cavaliers,1628417,Jaron,Blossomgame,14400.0,19040.0,0.0,-7.0,0.158
0021800521,1610612739,Cleveland,Cavaliers,1628417,Jaron,Blossomgame,19900.0,23820.0,2.0,-1.0,0.188
0021800521,1610612739,Cleveland,Cavaliers,1628417,Jaron,Blossomgame,26330.0,28800.0,2.0,-4.0,0.333
0021800521,1610612739,Cleveland,Cavaliers,1629012,Collin,Sexton,0.0,4900.0,2.0,0.0,0.235
0021800521,1610612739,Cleveland,Cavaliers,1629012,Collin,Sexton,9840.0,18510.0,3.0,-8.0,0.235
0021800521,1610612739,Cleveland,Cavaliers,1629012,Collin,Sexton,25200.0,28800.0,3.0,-10.0,0.231
0021800898,1610612739,Cleveland,Cavaliers,201567,Kevin,Love,0.0,4550.0,2.0,-11.0,0.438
0021800898,1610612739,Cleveland,Cavaliers,201567,Kevin,Love,9600.0,13520.0,5.0,-5.0,0.2
0021800898,1610612739,Cleveland,Cavaliers,201567,Kevin,Love,14400.0,18120.0,7.0,12.0,0.176
0021800898,1610612739,Cleveland,Cavaliers,201567,Kevin,Love,24190.0,28800.0,4.0,-6.0,0.278
0021800898,1610612739,Cleveland,Cavaliers,202688,Brandon,Knight,0.0,2970.0,0.0,-14.0,0.091
0021800898,1610612739,Cleveland,Cavaliers,202688,Brandon,Knight,8280.0,13520.0,2.0,-13.0,0.211
0021800898,1610612739,Cleveland,Cavaliers,202688,Brandon,Knight,14400.0,17900.0,2.0,13.0,0.118
0021800898,1610612739,Cleveland,Cavaliers,203521,Matthew,Dellavedova,2970.0,7890.0,2.0,1.0,0.118
0021800898,1610612739,Cleveland,Cavaliers,203521,Matthew,Dellavedova,19730.0,24710.0,3.0,1.0,0.15
0021800898,1610612739,Cleveland,Cavaliers,203903,Jordan,Clarkson,2970.0,8280.0,9.0,4.0,0.444
0021800898,1610612739,Cleveland,Cavaliers,203903,Jordan,Clarkson,13520.0,14400.0,2.0,0.0,0.4
0021800898,1610612739,Cleveland,Cavaliers,203903,Jordan,Clarkson,17900.0,28800.0,8.0,-3.0,0.238
0021800898,1610612739,Cleveland,Cavaliers,203917,Nik,Stauskas,7200.0,10120.0,3.0,-5.0,0.222
0021800898,1610612739,Cleveland,Cavaliers,1626204,Larry,Nance Jr.,4550.0,9600.0,2.0,-7.0,0.176
0021800898,1610612739,Cleveland,Cavaliers,1626204,Larry,Nance Jr.,13520.0,14400.0,0.0,0.0,0.0
0021800898,1610612739,Cleveland,Cavaliers,1626204,Larry,Nance Jr.,18120.0,28800.0,8.0,-2.0,0.122
0021800898,1610612739,Cleveland,Cavaliers,1626224,Cedi,Osman,0.0,5080.0,0.0,-11.0,0.056
0021800898,1610612739,Cleveland,Cavaliers,1626224,Cedi,Osman,10120.0,19730.0,19.0,7.0,0.325
0021800898,1610612739,Cleveland,Cavaliers,1626224,Cedi,Osman,24190.0,28800.0,8.0,-6.0,0.278
0021800898,1610612739,Cleveland,Cavaliers,1627737,Marquese,Chriss,4550.0,7200.0,3.0,0.0,0.1
0021800898,1610612739,Cleveland,Cavaliers,1627737,Marquese,Chriss,18120.0,24190.0,3.0,4.0,0.167
0021800898,1610612739,Cleveland,Cavaliers,1627790,Ante,Zizic,0.0,4550.0,0.0,-11.0,0.063
0021800898,1610612739,Cleveland,Cavaliers,1627790,Ante,Zizic,9600.0,18120.0,4.0,7.0,0.135
0021800898,1610612739,Cleveland,Cavaliers,1628021,David,Nwaba,5080.0,9600.0,0.0,-7.0,0.0
0021800898,1610612739,Cleveland,Cavaliers,1628021,David,Nwaba,19730.0,24190.0,3.0,2.0,0.105
0021800898,1610612739,Cleveland,Cavaliers,1629012,Collin,Sexton,0.0,2970.0,0.0,-14.0,0.273
0021800898,1610612739,Cleveland,Cavaliers,1629012,Collin,Sexton,7890.0,19730.0,5.0,4.0,0.17
0021800898,1610612739,Cleveland,Cavaliers,1629012,Collin,Sexton,24710.0,28800.0,6.0,-5.0,0.313
0021801096,1610612739,Cleveland,Cavaliers,201567,Kevin,Love,0.0,5900.0,5.0,-3.0,0.182
0021801096,1610612739,Cleveland,Cavaliers,201567,Kevin,Love,10210.0,19170.0,13.0,-6.0,0.3
0021801096,1610612739,Cleveland,Cavaliers,201567,Kevin,Love,23830.0,27890.0,2.0,-2.0,0.333
0021801096,1610612739,Cleveland,Cavaliers,202684,Tristan,Thompson,5030.0,8830.0,4.0,-2.0,0.286
0021801096,1610612739,Cleveland,Cavaliers,202684,Tristan,Thompson,18370.0,23830.0,6.0,-5.0,0.35
0021801096,1610612739,Cleveland,Cavaliers,202688,Brandon,Knight,0.0,3440.0,0.0,-11.0,0.25
0021801096,1610612739,Cleveland,Cavaliers,202688,Brandon,Knight,5900.0,10210.0,2.0,-4.0,0.158
0021801096,1610612739,Cleveland,Cavaliers,202688,Brandon,Knight,11310.0,13760.0,0.0,-5.0,0.2
0021801096,1610612739,Cleveland,Cavaliers,202688,Brandon,Knight,14400.0,17220.0,0.0,-1.0,0.071
0021801096,1610612739,Cleveland,Cavaliers,203903,Jordan,Clarkson,3440.0,11310.0,8.0,-1.0,0.156
0021801096,1610612739,Cleveland,Cavaliers,203903,Jordan,Clarkson,13140.0,14400.0,0.0,2.0,0.286
0021801096,1610612739,Cleveland,Cavaliers,203903,Jordan,Clarkson,17220.0,28800.0,11.0,-8.0,0.244
0021801096,1610612739,Cleveland,Cavaliers,203917,Nik,Stauskas,6844.0,11000.0,3.0,-3.0,0.118
0021801096,1610612739,Cleveland,Cavaliers,203917,Nik,Stauskas,20060.0,23140.0,3.0,-8.0,0.182
0021801096,1610612739,Cleveland,Cavaliers,203917,Nik,Stauskas,28010.0,28800.0,0.0,-3.0,0.0
0021801096,1610612739,Cleveland,Cavaliers,1626204,Larry,Nance Jr.,0.0,5030.0,9.0,-3.0,0.263
0021801096,1610612739,Cleveland,Cavaliers,1626204,Larry,Nance Jr.,11000.0,18370.0,2.0,0.0,0.118
0021801096,1610612739,Cleveland,Cavaliers,1626204,Larry,Nance Jr.,23140.0,28800.0,2.0,-5.0,0.16
0021801096,1610612739,Cleveland,Cavaliers,1626224,Cedi,Osman,0.0,6844.0,5.0,-7.0,0.269
0021801096,1610612739,Cleveland,Cavaliers,1626224,Cedi,Osman,11000.0,13140.0,0.0,-5.0,0.222
0021801096,1610612739,Cleveland,Cavaliers,1626224,Cedi,Osman,14400.0,22550.0,4.0,-2.0,0.121
0021801096,1610612739,Cleveland,Cavaliers,1626224,Cedi,Osman,25200.0,28010.0,0.0,-2.0,0.083
0021801096,1610612739,Cleveland,Cavaliers,1627737,Marquese,Chriss,8830.0,11000.0,0.0,-5.0,0.091
0021801096,1610612739,Cleveland,Cavaliers,1628021,David,Nwaba,5900.0,10210.0,3.0,-4.0,0.211
0021801096,1610612739,Cleveland,Cavaliers,1628021,David,Nwaba,13760.0,14400.0,0.0,4.0,0.0
0021801096,1610612739,Cleveland,Cavaliers,1628021,David,Nwaba,19170.0,25200.0,5.0,-4.0,0.083
0021801096,1610612739,Cleveland,Cavaliers,1628021,David,Nwaba,27890.0,28800.0,0.0,-5.0,0.0
0021801096,1610612739,Cleveland,Cavaliers,1629012,Collin,Sexton,0.0,5900.0,4.0,-3.0,0.136
0021801096,1610612739,Cleveland,Cavaliers,1629012,Collin,Sexton,10210.0,20060.0,7.0,-2.0,0.233
0021801096,1610612739,Cleveland,Cavaliers,1629012,Collin,Sexton,22550.0,28800.0,7.0,-7.0,0.192
0021801160,1610612739,Cleveland,Cavaliers,101112,Channing,Frye,22490.0,24470.0,3.0,-7.0,0.286
0021801160,1610612739,Cleveland,Cavaliers,202684,Tristan,Thompson,0.0,4080.0,2.0,-9.0,0.143
0021801160,1610612739,Cleveland,Cavaliers,202684,Tristan,Thompson,10020.0,18730.0,13.0,-2.0,0.235
0021801160,1610612739,Cleveland,Cavaliers,202688,Brandon,Knight,0.0,4080.0,0.0,-9.0,0.143
0021801160,1610612739,Cleveland,Cavaliers,202688,Brandon,Knight,7200.0,10160.0,3.0,-9.0,0.167
0021801160,1610612739,Cleveland,Cavaliers,202688,Brandon,Knight,12080.0,13975.0,0.0,-5.0,0.0
0021801160,1610612739,Cleveland,Cavaliers,202688,Brandon,Knight,14400.0,17680.0,7.0,1.0,0.308
0021801160,1610612739,Cleveland,Cavaliers,202688,Brandon,Knight,21600.0,24470.0,0.0,-9.0,0.222
0021801160,1610612739,Cleveland,Cavaliers,203903,Jordan,Clarkson,4080.0,12080.0,14.0,-5.0,0.303
0021801160,1610612739,Cleveland,Cavaliers,203903,Jordan,Clarkson,13975.0,14400.0,0.0,0.0,0.0
0021801160,1610612739,Cleveland,Cavaliers,203903,Jordan,Clarkson,17680.0,28800.0,6.0,9.0,0.143
0021801160,1610612739,Cleveland,Cavaliers,203917,Nik,Stauskas,5840.0,10020.0,0.0,-12.0,0.105
0021801160,1610612739,Cleveland,Cavaliers,203917,Nik,Stauskas,22680.0,28800.0,9.0,3.0,0.259
0021801160,1610612739,Cleveland,Cavaliers,1626204,Larry,Nance Jr.,0.0,5120.0,4.0,-8.0,0.278
0021801160,1610612739,Cleveland,Cavaliers,1626204,Larry,Nance Jr.,10160.0,13975.0,0.0,-2.0,0.067
0021801160,1610612739,Cleveland,Cavaliers,1626204,Larry,Nance Jr.,14400.0,19320.0,0.0,6.0,0.105
0021801160,1610612739,Cleveland,Cavaliers,1626204,Larry,Nance Jr.,24470.0,28800.0,5.0,7.0,0.095
0021801160,1610612739,Cleveland,Cavaliers,1626224,Cedi,Osman,0.0,5840.0,0.0,-2.0,0.095
0021801160,1610612739,Cleveland,Cavaliers,1626224,Cedi,Osman,8950.0,22680.0,3.0,4.0,0.179
0021801160,1610612739,Cleveland,Cavaliers,1627737,Marquese,Chriss,7200.0,10020.0,0.0,-6.0,0.091
0021801160,1610612739,Cleveland,Cavaliers,1627737,Marquese,Chriss,24470.0,27350.0,6.0,4.0,0.385
0021801160,1610612739,Cleveland,Cavaliers,1627790,Ante,Zizic,4080.0,7200.0,6.0,1.0,0.267
0021801160,1610612739,Cleveland,Cavaliers,1627790,Ante,Zizic,18730.0,22490.0,9.0,7.0,0.278
0021801160,1610612739,Cleveland,Cavaliers,1627790,Ante,Zizic,27350.0,28800.0,0.0,3.0,0.125
0021801160,1610612739,Cleveland,Cavaliers,1628021,David,Nwaba,5120.0,8950.0,2.0,-8.0,0.167
0021801160,1610612739,Cleveland,Cavaliers,1628021,David,Nwaba,13975.0,14400.0,0.0,0.0,0.0
0021801160,1610612739,Cleveland,Cavaliers,1628021,David,Nwaba,19320.0,24470.0,0.0,-3.0,0.048
0021801160,1610612739,Cleveland,Cavaliers,1629012,Collin,Sexton,0.0,7200.0,4.0,-8.0,0.276
0021801160,1610612739,Cleveland,Cavaliers,1629012,Collin,Sexton,10020.0,21600.0,15.0,7.0,0.286
0021801160,1610612739,Cleveland,Cavaliers,1629012,Collin,Sexton,24470.0,28800.0,2.0,7.0,0.19
0021801209,1610612739,Cleveland,Cavaliers,101112,Channing,Frye,7730.0,9900.0,0.0,2.0,0.25
0021801209,1610612739,Cleveland,Cavaliers,101112,Channing,Frye,26320.0,28487.0,10.0,-2.0,0.857
0021801209,1610612739,Cleveland,Cavaliers,202688,Brandon,Knight,0.0,3860.0,6.0,-6.0,0.231
0021801209,1610612739,Cleveland,Cavaliers,202688,Brandon,Knight,6330.0,12110.0,3.0,-4.0,0.25
0021801209,1610612739,Cleveland,Cavaliers,202688,Brandon,Knight,14400.0,18150.0,0.0,-2.0,0.182
0021801209,1610612739,Cleveland,Cavaliers,202688,Brandon,Knight,21018.0,26320.0,0.0,-7.0,0.05
0021801209,1610612739,Cleveland,Cavaliers,203903,Jordan,Clarkson,3860.0,9900.0,7.0,1.0,0.24
0021801209,1610612739,Cleveland,Cavaliers,203903,Jordan,Clarkson,12110.0,14400.0,5.0,-2.0,0.273
0021801209,1610612739,Cleveland,Cavaliers,203903,Jordan,Clarkson,18150.0,23630.0,4.0,-13.0,0.3
0021801209,1610612739,Cleveland,Cavaliers,203917,Nik,Stauskas,6330.0,10270.0,3.0,-1.0,0.118
0021801209,1610612739,Cleveland,Cavaliers,203917,Nik,Stauskas,20000.0,22890.0,0.0,-8.0,0.182
0021801209,1610612739,Cleveland,Cavaliers,1626204,Larry,Nance Jr.,0.0,5290.0,4.0,-3.0,0.105
0021801209,1610612739,Cleveland,Cavaliers,1626204,Larry,Nance Jr.,8880.0,19780.0,4.0,-3.0,0.122
0021801209,1610612739,Cleveland,Cavaliers,1626204,Larry,Nance Jr.,22890.0,28800.0,2.0,-7.0,0.19
0021801209,1610612739,Cleveland,Cavaliers,1626224,Cedi,Osman,0.0,6330.0,3.0,-2.0,0.174
0021801209,1610612739,Cleveland,Cavaliers,1626224,Cedi,Osman,10270.0,20000.0,10.0,-9.0,0.2
0021801209,1610612739,Cleveland,Cavaliers,1626224,Cedi,Osman,22890.0,28800.0,4.0,-7.0,0.19
0021801209,1610612739,Cleveland,Cavaliers,1627737,Marquese,Chriss,3860.0,7730.0,4.0,-1.0,0.471
0021801209,1610612739,Cleveland,Cavaliers,1627737,Marquese,Chriss,18150.0,23630.0,4.0,-13.0,0.15
0021801209,1610612739,Cleveland,Cavaliers,1627790,Ante,Zizic,0.0,3860.0,4.0,-6.0,0.231
0021801209,1610612739,Cleveland,Cavaliers,1627790,Ante,Zizic,9900.0,12110.0,0.0,-1.0,0.0
0021801209,1610612739,Cleveland,Cavaliers,1627790,Ante,Zizic,14400.0,18150.0,2.0,-2.0,0.182
0021801209,1610612739,Cleveland,Cavaliers,1627790,Ante,Zizic,23630.0,26320.0,0.0,1.0,0.091
0021801209,1610612739,Cleveland,Cavaliers,1627790,Ante,Zizic,28487.0,28800.0,0.0,-3.0,0.0
0021801209,1610612739,Cleveland,Cavaliers,1628021,David,Nwaba,5290.0,8880.0,0.0,-3.0,0.0
0021801209,1610612739,Cleveland,Cavaliers,1628021,David,Nwaba,12110.0,14400.0,0.0,-2.0,0.091
0021801209,1610612739,Cleveland,Cavaliers,1628021,David,Nwaba,19780.0,22890.0,0.0,-11.0,0.091
0021801209,1610612739,Cleveland,Cavaliers,1629012,Collin,Sexton,0.0,6330.0,5.0,-2.0,0.174
0021801209,1610612739,Cleveland,Cavaliers,1629012,Collin,Sexton,9900.0,21018.0,11.0,-10.0,0.317
0021801209,1610612739,Cleveland,Cavaliers,1629012,Collin,Sexton,23630.0,28800.0,2.0,-4.0,0.263
0021801209,1610612739,Cleveland,Cavaliers,1629061,Deng,Adel,26320.0,28800.0,0.0,-5.0,0.0
0021800279,1610612739,Cleveland,Cavaliers,2594,Kyle,Korver,3440.0,10270.0,12.0,-1.0,0.276
0021800279,1610612739,Cleveland,Cavaliers,2594,Kyle,Korver,20880.0,25430.0,0.0,-6.0,0.0
0021800279,1610612739,Cleveland,Cavaliers,202684,Tristan,Thompson,0.0,7200.0,7.0,-1.0,0.2
0021800279,1610612739,Cleveland,Cavaliers,202684,Tristan,Thompson,11460.0,21600.0,9.0,7.0,0.238
0021800279,1610612739,Cleveland,Cavaliers,202684,Tristan,Thompson,22650.0,28800.0,0.0,2.0,0.042
0021800279,1610612739,Cleveland,Cavaliers,203903,Jordan,Clarkson,3090.0,10270.0,6.0,-3.0,0.258
0021800279,1610612739,Cleveland,Cavaliers,203903,Jordan,Clarkson,19240.0,28800.0,14.0,-1.0,0.293
0021800279,1610612739,Cleveland,Cavaliers,203918,Rodney,Hood,0.0,3090.0,0.0,4.0,0.077
0021800279,1610612739,Cleveland,Cavaliers,203918,Rodney,Hood,10270.0,19240.0,6.0,9.0,0.176
0021800279,1610612739,Cleveland,Cavaliers,203918,Rodney,Hood,25430.0,28800.0,3.0,2.0,0.1
0021800279,1610612739,Cleveland,Cavaliers,1626150,Andrew,Harrison,4730.0,11460.0,2.0,5.0,0.074
0021800279,1610612739,Cleveland,Cavaliers,1626150,Andrew,Harrison,23550.0,25430.0,2.0,-3.0,0.273
0021800279,1610612739,Cleveland,Cavaliers,1626204,Larry,Nance Jr.,3440.0,11460.0,7.0,1.0,0.147
0021800279,1610612739,Cleveland,Cavaliers,1626204,Larry,Nance Jr.,12160.0,13080.0,0.0,2.0,0.0
0021800279,1610612739,Cleveland,Cavaliers,1626204,Larry,Nance Jr.,20510.0,21560.0,1.0,-1.0,0.111
0021800279,1610612739,Cleveland,Cavaliers,1626204,Larry,Nance Jr.,21600.0,22650.0,0.0,-3.0,0.0
0021800279,1610612739,Cleveland,Cavaliers,1626224,Cedi,Osman,0.0,3440.0,2.0,2.0,0.125
0021800279,1610612739,Cleveland,Cavaliers,1626224,Cedi,Osman,10270.0,20880.0,5.0,12.0,0.171
0021800279,1610612739,Cleveland,Cavaliers,1628021,David,Nwaba,0.0,3440.0,2.0,2.0,0.25
0021800279,1610612739,Cleveland,Cavaliers,1628021,David,Nwaba,7200.0,12160.0,3.0,5.0,0.217
0021800279,1610612739,Cleveland,Cavaliers,1628021,David,Nwaba,13080.0,20510.0,4.0,5.0,0.111
0021800279,1610612739,Cleveland,Cavaliers,1628021,David,Nwaba,21560.0,28800.0,3.0,-1.0,0.259
0021800279,1610612739,Cleveland,Cavaliers,1629012,Collin,Sexton,0.0,4730.0,6.0,-2.0,0.273
0021800279,1610612739,Cleveland,Cavaliers,1629012,Collin,Sexton,11460.0,23550.0,21.0,7.0,0.3
0021800279,1610612739,Cleveland,Cavaliers,1629012,Collin,Sexton,25430.0,28800.0,2.0,2.0,0.3
0021800345,1610612739,Cleveland,Cavaliers,201588,George,Hill,0.0,5610.0,6.0,-5.0,0.227
0021800345,1610612739,Cleveland,Cavaliers,201588,George,Hill,10920.0,18150.0,0.0,5.0,0.107
0021800345,1610612739,Cleveland,Cavaliers,201588,George,Hill,20420.0,28800.0,0.0,-6.0,0.061
0021800345,1610612739,Cleveland,Cavaliers,202684,Tristan,Thompson,0.0,5310.0,8.0,-5.0,0.238
0021800345,1610612739,Cleveland,Cavaliers,202684,Tristan,Thompson,9410.0,20420.0,9.0,7.0,0.231
0021800345,1610612739,Cleveland,Cavaliers,202684,Tristan,Thompson,24440.0,28611.0,2.0,-7.0,0.063
0021800345,1610612739,Cleveland,Cavaliers,202684,Tristan,Thompson,28768.0,28800.0,0.0,0.0,0.0
0021800345,1610612739,Cleveland,Cavaliers,202692,Alec,Burks,5040.0,10920.0,7.0,9.0,0.217
0021800345,1610612739,Cleveland,Cavaliers,202692,Alec,Burks,11490.0,14400.0,0.0,4.0,0.1
0021800345,1610612739,Cleveland,Cavaliers,202692,Alec,Burks,18800.0,25310.0,4.0,2.0,0.208
0021800345,1610612739,Cleveland,Cavaliers,202692,Alec,Burks,26730.0,28800.0,2.0,-4.0,0.3
0021800345,1610612739,Cleveland,Cavaliers,203903,Jordan,Clarkson,5040.0,10920.0,12.0,9.0,0.478
0021800345,1610612739,Cleveland,Cavaliers,203903,Jordan,Clarkson,11870.0,14400.0,2.0,3.0,0.111
0021800345,1610612739,Cleveland,Cavaliers,203903,Jordan,Clarkson,18150.0,24980.0,4.0,0.0,0.36
0021800345,1610612739,Cleveland,Cavaliers,203903,Jordan,Clarkson,27180.0,28768.0,2.0,-2.0,0.429
0021800345,1610612739,Cleveland,Cavaliers,203918,Rodney,Hood,0.0,5040.0,2.0,-5.0,0.143
0021800345,1610612739,Cleveland,Cavaliers,203918,Rodney,Hood,7880.0,11490.0,2.0,1.0,0.176
0021800345,1610612739,Cleveland,Cavaliers,203918,Rodney,Hood,14400.0,18800.0,3.0,3.0,0.133
0021800345,1610612739,Cleveland,Cavaliers,203918,Rodney,Hood,21600.0,28800.0,2.0,-2.0,0.138
0021800345,1610612739,Cleveland,Cavaliers,1626204,Larry,Nance Jr.,5310.0,9410.0,0.0,6.0,0.056
0021800345,1610612739,Cleveland,Cavaliers,1626204,Larry,Nance Jr.,13190.0,14400.0,4.0,-1.0,0.5
0021800345,1610612739,Cleveland,Cavaliers,1626204,Larry,Nance Jr.,20420.0,24440.0,5.0,-1.0,0.188
0021800345,1610612739,Cleveland,Cavaliers,1626224,Cedi,Osman,0.0,5610.0,0.0,-5.0,0.136
0021800345,1610612739,Cleveland,Cavaliers,1626224,Cedi,Osman,10920.0,13190.0,2.0,3.0,0.182
0021800345,1610612739,Cleveland,Cavaliers,1626224,Cedi,Osman,14400.0,21600.0,4.0,-2.0,0.13
0021800345,1610612739,Cleveland,Cavaliers,1626224,Cedi,Osman,24980.0,26730.0,2.0,-3.0,0.167
0021800345,1610612739,Cleveland,Cavaliers,1626224,Cedi,Osman,28611.0,28800.0,0.0,2.0,0.0
0021800345,1610612739,Cleveland,Cavaliers,1627883,Jalen,Jones,5610.0,7880.0,0.0,6.0,0.0
0021800345,1610612739,Cleveland,Cavaliers,1629012,Collin,Sexton,0.0,5040.0,2.0,-5.0,0.19
0021800345,1610612739,Cleveland,Cavaliers,1629012,Collin,Sexton,5610.0,11870.0,4.0,8.0,0.148
0021800345,1610612739,Cleveland,Cavaliers,1629012,Collin,Sexton,14400.0,20420.0,9.0,2.0,0.316
0021800345,1610612739,Cleveland,Cavaliers,1629012,Collin,Sexton,25310.0,27180.0,0.0,-7.0,0.333
0021800126,1610612739,Cleveland,Cavaliers,2594,Kyle,Korver,10910.0,14400.0,9.0,3.0,0.429
0021800126,1610612739,Cleveland,Cavaliers,2594,Kyle,Korver,19260.0,21566.0,2.0,-7.0,0.125
0021800126,1610612739,Cleveland,Cavaliers,2594,Kyle,Korver,26090.0,28800.0,0.0,-1.0,0.1
0021800126,1610612739,Cleveland,Cavaliers,2747,JR,Smith,5020.0,10070.0,8.0,-4.0,0.2
0021800126,1610612739,Cleveland,Cavaliers,2747,JR,Smith,19260.0,28800.0,6.0,-21.0,0.152
0021800126,1610612739,Cleveland,Cavaliers,201588,George,Hill,0.0,4430.0,1.0,2.0,0.2
0021800126,1610612739,Cleveland,Cavaliers,201588,George,Hill,7200.0,13986.0,0.0,0.0,0.04
0021800126,1610612739,Cleveland,Cavaliers,201588,George,Hill,14400.0,18290.0,2.0,-5.0,0.231
0021800126,1610612739,Cleveland,Cavaliers,201588,George,Hill,23460.0,25160.0,0.0,-5.0,0.286
0021800126,1610612739,Cleveland,Cavaliers,202684,Tristan,Thompson,0.0,5020.0,0.0,-3.0,0.278
0021800126,1610612739,Cleveland,Cavaliers,202684,Tristan,Thompson,10070.0,19760.0,8.0,-6.0,0.147
0021800126,1610612739,Cleveland,Cavaliers,202684,Tristan,Thompson,24460.0,26170.0,0.0,0.0,0.125
0021800126,1610612739,Cleveland,Cavaliers,203903,Jordan,Clarkson,4430.0,10910.0,9.0,-12.0,0.36
0021800126,1610612739,Cleveland,Cavaliers,203903,Jordan,Clarkson,18100.0,24460.0,4.0,-17.0,0.182
0021800126,1610612739,Cleveland,Cavaliers,203918,Rodney,Hood,0.0,4430.0,3.0,2.0,0.133
0021800126,1610612739,Cleveland,Cavaliers,203918,Rodney,Hood,10070.0,18100.0,4.0,-5.0,0.214
0021800126,1610612739,Cleveland,Cavaliers,203918,Rodney,Hood,24460.0,26090.0,0.0,-2.0,0.286
0021800126,1610612739,Cleveland,Cavaliers,1626155,Sam,Dekker,0.0,6110.0,5.0,-5.0,0.227
0021800126,1610612739,Cleveland,Cavaliers,1626155,Sam,Dekker,10910.0,19260.0,6.0,-1.0,0.129
0021800126,1610612739,Cleveland,Cavaliers,1626155,Sam,Dekker,21566.0,21600.0,0.0,-2.0,0.0
0021800126,1610612739,Cleveland,Cavaliers,1626204,Larry,Nance Jr.,5020.0,10070.0,0.0,-4.0,0.15
0021800126,1610612739,Cleveland,Cavaliers,1626204,Larry,Nance Jr.,19760.0,21566.0,3.0,-5.0,0.429
0021800126,1610612739,Cleveland,Cavaliers,1626204,Larry,Nance Jr.,21600.0,24460.0,6.0,-9.0,0.444
0021800126,1610612739,Cleveland,Cavaliers,1626224,Cedi,Osman,0.0,5020.0,3.0,-3.0,0.111
0021800126,1610612739,Cleveland,Cavaliers,1626224,Cedi,Osman,6110.0,10910.0,4.0,-5.0,0.222
0021800126,1610612739,Cleveland,Cavaliers,1626224,Cedi,Osman,13986.0,19260.0,2.0,-3.0,0.158
0021800126,1610612739,Cleveland,Cavaliers,1626224,Cedi,Osman,21566.0,25560.0,0.0,-13.0,0.0
0021800126,1610612739,Cleveland,Cavaliers,1627790,Ante,Zizic,26170.0,28800.0,2.0,-3.0,0.222
0021800126,1610612739,Cleveland,Cavaliers,1628021,David,Nwaba,25560.0,28800.0,3.0,-1.0,0.25
0021800126,1610612739,Cleveland,Cavaliers,1629012,Collin,Sexton,4430.0,7200.0,0.0,-10.0,0.083
0021800126,1610612739,Cleveland,Cavaliers,1629012,Collin,Sexton,18290.0,23460.0,2.0,-14.0,0.278
0021800126,1610612739,Cleveland,Cavaliers,1629012,Collin,Sexton,25160.0,28800.0,2.0,-1.0,0.071
0021800455,1610612739,Cleveland,Cavaliers,202692,Alec,Burks,2930.0,8930.0,6.0,5.0,0.238
0021800455,1610612739,Cleveland,Cavaliers,202692,Alec,Burks,12260.0,14400.0,2.0,-5.0,0.222
0021800455,1610612739,Cleveland,Cavaliers,202692,Alec,Burks,17540.0,24440.0,0.0,-6.0,0.125
0021800455,1610612739,Cleveland,Cavaliers,203903,Jordan,Clarkson,2930.0,10540.0,7.0,6.0,0.28
0021800455,1610612739,Cleveland,Cavaliers,203903,Jordan,Clarkson,12320.0,14400.0,2.0,-5.0,0.286
0021800455,1610612739,Cleveland,Cavaliers,203903,Jordan,Clarkson,17330.0,28800.0,11.0,-9.0,0.31
0021800455,1610612739,Cleveland,Cavaliers,203918,Rodney,Hood,0.0,4000.0,5.0,3.0,0.357
0021800455,1610612739,Cleveland,Cavaliers,203918,Rodney,Hood,7200.0,12260.0,4.0,1.0,0.133
0021800455,1610612739,Cleveland,Cavaliers,203918,Rodney,Hood,13610.0,18840.0,3.0,-10.0,0.111
0021800455,1610612739,Cleveland,Cavaliers,203918,Rodney,Hood,21600.0,28800.0,0.0,-4.0,0.111
0021800455,1610612739,Cleveland,Cavaliers,1626204,Larry,Nance Jr.,0.0,2930.0,2.0,7.0,0.091
0021800455,1610612739,Cleveland,Cavaliers,1626204,Larry,Nance Jr.,5420.0,11420.0,4.0,6.0,0.15
0021800455,1610612739,Cleveland,Cavaliers,1626204,Larry,Nance Jr.,14400.0,21600.0,4.0,-12.0,0.12
0021800455,1610612739,Cleveland,Cavaliers,1626204,Larry,Nance Jr.,24440.0,28800.0,0.0,0.0,0.059
0021800455,1610612739,Cleveland,Cavaliers,1626224,Cedi,Osman,0.0,2930.0,2.0,7.0,0.364
0021800455,1610612739,Cleveland,Cavaliers,1626224,Cedi,Osman,9070.0,13610.0,0.0,-4.0,0.0
0021800455,1610612739,Cleveland,Cavaliers,1626224,Cedi,Osman,14400.0,21600.0,9.0,-12.0,0.2
0021800455,1610612739,Cleveland,Cavaliers,1626224,Cedi,Osman,26840.0,28800.0,2.0,5.0,0.143
0021800455,1610612739,Cleveland,Cavaliers,1627790,Ante,Zizic,2930.0,7200.0,4.0,2.0,0.133
0021800455,1610612739,Cleveland,Cavaliers,1627790,Ante,Zizic,11420.0,13610.0,1.0,-5.0,0.125
0021800455,1610612739,Cleveland,Cavaliers,1627790,Ante,Zizic,21600.0,24440.0,2.0,-4.0,0.2
0021800455,1610612739,Cleveland,Cavaliers,1628021,David,Nwaba,0.0,2930.0,0.0,7.0,0.0
0021800455,1610612739,Cleveland,Cavaliers,1628021,David,Nwaba,10540.0,17330.0,3.0,-15.0,0.208
0021800455,1610612739,Cleveland,Cavaliers,1628417,Jaron,Blossomgame,4000.0,9070.0,2.0,9.0,0.111
0021800455,1610612739,Cleveland,Cavaliers,1628417,Jaron,Blossomgame,13610.0,14400.0,0.0,-3.0,0.0
0021800455,1610612739,Cleveland,Cavaliers,1628417,Jaron,Blossomgame,18840.0,26840.0,13.0,-14.0,0.2
0021800455,1610612739,Cleveland,Cavaliers,1629012,Collin,Sexton,0.0,5420.0,4.0,7.0,0.211
0021800455,1610612739,Cleveland,Cavaliers,1629012,Collin,Sexton,8930.0,12320.0,0.0,-2.0,0.182
0021800455,1610612739,Cleveland,Cavaliers,1629012,Collin,Sexton,14400.0,17540.0,0.0,-10.0,0.273
0021800455,1610612739,Cleveland,Cavaliers,1629012,Collin,Sexton,24440.0,28800.0,7.0,0.0,0.471
0021801136,1610612739,Cleveland,Cavaliers,202684,Tristan,Thompson,0.0,3940.0,4.0,-5.0,0.167
0021801136,1610612739,Cleveland,Cavaliers,202684,Tristan,Thompson,7560.0,12330.0,0.0,-1.0,0.053
0021801136,1610612739,Cleveland,Cavaliers,202684,Tristan,Thompson,14400.0,18410.0,4.0,-2.0,0.235
0021801136,1610612739,Cleveland,Cavaliers,202684,Tristan,Thompson,23790.0,26660.0,2.0,-10.0,0.25
0021801136,1610612739,Cleveland,Cavaliers,202688,Brandon,Knight,0.0,3620.0,0.0,-8.0,0.063
0021801136,1610612739,Cleveland,Cavaliers,202688,Brandon,Knight,7200.0,17090.0,4.0,-22.0,0.105
0021801136,1610612739,Cleveland,Cavaliers,202688,Brandon,Knight,25030.0,28800.0,2.0,-4.0,0.188
0021801136,1610612739,Cleveland,Cavaliers,203903,Jordan,Clarkson,3620.0,10150.0,13.0,4.0,0.286
0021801136,1610612739,Cleveland,Cavaliers,203903,Jordan,Clarkson,17090.0,25030.0,13.0,2.0,0.273
0021801136,1610612739,Cleveland,Cavaliers,203917,Nik,Stauskas,5620.0,9240.0,4.0,-1.0,0.188
0021801136,1610612739,Cleveland,Cavaliers,203917,Nik,Stauskas,26870.0,28800.0,0.0,-5.0,0.286
0021801136,1610612739,Cleveland,Cavaliers,1626204,Larry,Nance Jr.,3010.0,9240.0,1.0,2.0,0.226
0021801136,1610612739,Cleveland,Cavaliers,1626204,Larry,Nance Jr.,12330.0,14400.0,2.0,-11.0,0.111
0021801136,1610612739,Cleveland,Cavaliers,1626204,Larry,Nance Jr.,14930.0,25920.0,2.0,-2.0,0.114
0021801136,1610612739,Cleveland,Cavaliers,1626224,Cedi,Osman,0.0,5620.0,5.0,-2.0,0.154
0021801136,1610612739,Cleveland,Cavaliers,1626224,Cedi,Osman,9240.0,21600.0,14.0,-7.0,0.255
0021801136,1610612739,Cleveland,Cavaliers,1626224,Cedi,Osman,24550.0,26660.0,0.0,-3.0,0.0
0021801136,1610612739,Cleveland,Cavaliers,1627737,Marquese,Chriss,3940.0,5620.0,3.0,3.0,0.375
0021801136,1610612739,Cleveland,Cavaliers,1627737,Marquese,Chriss,18410.0,23790.0,0.0,4.0,0.095
0021801136,1610612739,Cleveland,Cavaliers,1627790,Ante,Zizic,5620.0,7560.0,0.0,1.0,0.0
0021801136,1610612739,Cleveland,Cavaliers,1627790,Ante,Zizic,26660.0,28800.0,4.0,-3.0,0.375
0021801136,1610612739,Cleveland,Cavaliers,1628021,David,Nwaba,0.0,3010.0,0.0,-5.0,0.083
0021801136,1610612739,Cleveland,Cavaliers,1628021,David,Nwaba,9240.0,14930.0,4.0,-15.0,0.261
0021801136,1610612739,Cleveland,Cavaliers,1628021,David,Nwaba,21600.0,24550.0,0.0,-8.0,0.091
0021801136,1610612739,Cleveland,Cavaliers,1628021,David,Nwaba,25920.0,28800.0,4.0,-4.0,0.25
0021801136,1610612739,Cleveland,Cavaliers,1629012,Collin,Sexton,0.0,7200.0,7.0,0.0,0.257
0021801136,1610612739,Cleveland,Cavaliers,1629012,Collin,Sexton,10150.0,26870.0,14.0,-15.0,0.214
0021801136,1610612739,Cleveland,Cavaliers,1629061,Deng,Adel,26660.0,28800.0,2.0,-3.0,0.125
0021800437,1610612739,Cleveland,Cavaliers,101112,Channing,Frye,6783.0,10020.0,3.0,0.0,0.188
0021800437,1610612739,Cleveland,Cavaliers,202692,Alec,Burks,0.0,3590.0,0.0,-7.0,0.154
0021800437,1610612739,Cleveland,Cavaliers,202692,Alec,Burks,10020.0,18060.0,5.0,-14.0,0.29
0021800437,1610612739,Cleveland,Cavaliers,202692,Alec,Burks,24780.0,28800.0,0.0,-7.0,0.077
0021800437,1610612739,Cleveland,Cavaliers,203521,Matthew,Dellavedova,3590.0,9450.0,4.0,11.0,0.179
0021800437,1610612739,Cleveland,Cavaliers,203521,Matthew,Dellavedova,13270.0,14400.0,0.0,-4.0,0.0
0021800437,1610612739,Cleveland,Cavaliers,203521,Matthew,Dellavedova,19640.0,25560.0,9.0,-4.0,0.2
0021800437,1610612739,Cleveland,Cavaliers,203903,Jordan,Clarkson,730.0,9450.0,10.0,2.0,0.263
0021800437,1610612739,Cleveland,Cavaliers,203903,Jordan,Clarkson,13270.0,14400.0,4.0,-4.0,0.429
0021800437,1610612739,Cleveland,Cavaliers,203903,Jordan,Clarkson,18060.0,24780.0,4.0,-4.0,0.28
0021800437,1610612739,Cleveland,Cavaliers,203918,Rodney,Hood,0.0,730.0,0.0,2.0,0.0
0021800437,1610612739,Cleveland,Cavaliers,203918,Rodney,Hood,9450.0,19640.0,10.0,-14.0,0.205
0021800437,1610612739,Cleveland,Cavaliers,203918,Rodney,Hood,23510.0,28800.0,3.0,-10.0,0.118
0021800437,1610612739,Cleveland,Cavaliers,1626204,Larry,Nance Jr.,3240.0,6470.0,2.0,7.0,0.167
0021800437,1610612739,Cleveland,Cavaliers,1626204,Larry,Nance Jr.,10020.0,13270.0,0.0,-5.0,0.091
0021800437,1610612739,Cleveland,Cavaliers,1626204,Larry,Nance Jr.,17540.0,22410.0,3.0,-2.0,0.222
0021800437,1610612739,Cleveland,Cavaliers,1626204,Larry,Nance Jr.,24780.0,28800.0,2.0,-7.0,0.154
0021800437,1610612739,Cleveland,Cavaliers,1626224,Cedi,Osman,0.0,3240.0,1.0,-7.0,0.25
0021800437,1610612739,Cleveland,Cavaliers,1626224,Cedi,Osman,6000.0,13270.0,10.0,0.0,0.188
0021800437,1610612739,Cleveland,Cavaliers,1626224,Cedi,Osman,14400.0,18730.0,4.0,-6.0,0.2
0021800437,1610612739,Cleveland,Cavaliers,1626224,Cedi,Osman,22410.0,28800.0,3.0,-13.0,0.095
0021800437,1610612739,Cleveland,Cavaliers,1627790,Ante,Zizic,0.0,3240.0,4.0,-7.0,0.167
0021800437,1610612739,Cleveland,Cavaliers,1627790,Ante,Zizic,6470.0,6783.0,0.0,2.0,0.0
0021800437,1610612739,Cleveland,Cavaliers,1627790,Ante,Zizic,13270.0,17540.0,1.0,-5.0,0.111
0021800437,1610612739,Cleveland,Cavaliers,1627790,Ante,Zizic,22410.0,24780.0,2.0,-6.0,0.25
0021800437,1610612739,Cleveland,Cavaliers,1628021,David,Nwaba,3240.0,7200.0,4.0,14.0,0.176
0021800437,1610612739,Cleveland,Cavaliers,1628021,David,Nwaba,18730.0,23510.0,5.0,0.0,0.222
0021800437,1610612739,Cleveland,Cavaliers,1628417,Jaron,Blossomgame,7200.0,10020.0,0.0,-5.0,0.143
0021800437,1610612739,Cleveland,Cavaliers,1628417,Jaron,Blossomgame,19640.0,22410.0,0.0,0.0,0.0
0021800437,1610612739,Cleveland,Cavaliers,1629012,Collin,Sexton,0.0,6000.0,8.0,-3.0,0.238
0021800437,1610612739,Cleveland,Cavaliers,1629012,Collin,Sexton,9450.0,13270.0,0.0,-7.0,0.154
0021800437,1610612739,Cleveland,Cavaliers,1629012,Collin,Sexton,14400.0,19640.0,2.0,-3.0,0.211
0021800437,1610612739,Cleveland,Cavaliers,1629012,Collin,Sexton,25560.0,28800.0,2.0,-9.0,0.455
0021800692,1610612739,Cleveland,Cavaliers,101112,Channing,Frye,4420.0,10860.0,8.0,0.0,0.111
0021800692,1610612739,Cleveland,Cavaliers,101112,Channing,Frye,18870.0,24020.0,1.0,-9.0,0.1
0021800692,1610612739,Cleveland,Cavaliers,202692,Alec,Burks,0.0,4700.0,0.0,-11.0,0.278
0021800692,1610612739,Cleveland,Cavaliers,202692,Alec,Burks,14400.0,18090.0,3.0,-7.0,0.25
0021800692,1610612739,Cleveland,Cavaliers,202692,Alec,Burks,24590.0,26520.0,0.0,-1.0,0.111
0021800692,1610612739,Cleveland,Cavaliers,203521,Matthew,Dellavedova,4420.0,9830.0,2.0,1.0,0.167
0021800692,1610612739,Cleveland,Cavaliers,203521,Matthew,Dellavedova,18240.0,24020.0,1.0,-8.0,0.174
0021800692,1610612739,Cleveland,Cavaliers,203903,Jordan,Clarkson,4420.0,9830.0,7.0,1.0,0.5
0021800692,1610612739,Cleveland,Cavaliers,203903,Jordan,Clarkson,18090.0,24590.0,5.0,-6.0,0.269
0021800692,1610612739,Cleveland,Cavaliers,203918,Rodney,Hood,0.0,4420.0,0.0,-9.0,0.167
0021800692,1610612739,Cleveland,Cavaliers,203918,Rodney,Hood,9830.0,18870.0,4.0,-4.0,0.121
0021800692,1610612739,Cleveland,Cavaliers,203918,Rodney,Hood,24590.0,27220.0,0.0,0.0,0.2
0021800692,1610612739,Cleveland,Cavaliers,1626166,Cameron,Payne,6230.0,14400.0,6.0,6.0,0.219
0021800692,1610612739,Cleveland,Cavaliers,1626166,Cameron,Payne,18870.0,24590.0,1.0,-7.0,0.261
0021800692,1610612739,Cleveland,Cavaliers,1626166,Cameron,Payne,27220.0,28800.0,4.0,3.0,0.25
0021800692,1610612739,Cleveland,Cavaliers,1626224,Cedi,Osman,0.0,6230.0,2.0,-12.0,0.125
0021800692,1610612739,Cleveland,Cavaliers,1626224,Cedi,Osman,10860.0,22490.0,6.0,-8.0,0.114
0021800692,1610612739,Cleveland,Cavaliers,1626224,Cedi,Osman,26520.0,27910.0,0.0,2.0,0.2
0021800692,1610612739,Cleveland,Cavaliers,1627790,Ante,Zizic,0.0,4420.0,0.0,-9.0,0.056
0021800692,1610612739,Cleveland,Cavaliers,1627790,Ante,Zizic,10860.0,14203.0,4.0,3.0,0.25
0021800692,1610612739,Cleveland,Cavaliers,1627790,Ante,Zizic,14400.0,18870.0,2.0,-6.0,0.111
0021800692,1610612739,Cleveland,Cavaliers,1627790,Ante,Zizic,24020.0,28800.0,7.0,5.0,0.238
0021800692,1610612739,Cleveland,Cavaliers,1628417,Jaron,Blossomgame,4700.0,10860.0,4.0,2.0,0.192
0021800692,1610612739,Cleveland,Cavaliers,1628417,Jaron,Blossomgame,14203.0,14400.0,0.0,0.0,0.0
0021800692,1610612739,Cleveland,Cavaliers,1628417,Jaron,Blossomgame,22490.0,25400.0,2.0,4.0,0.143
0021800692,1610612739,Cleveland,Cavaliers,1628417,Jaron,Blossomgame,27910.0,28800.0,1.0,2.0,0.4
0021800692,1610612739,Cleveland,Cavaliers,1629012,Collin,Sexton,0.0,4420.0,8.0,-9.0,0.333
0021800692,1610612739,Cleveland,Cavaliers,1629012,Collin,Sexton,9830.0,18240.0,3.0,-5.0,0.226
0021800692,1610612739,Cleveland,Cavaliers,1629012,Collin,Sexton,24020.0,28800.0,7.0,5.0,0.286
0021800692,1610612739,Cleveland,Cavaliers,1629061,Deng,Adel,25400.0,28800.0,0.0,-3.0,0.0
0021800008,1610612739,Cleveland,Cavaliers,2594,Kyle,Korver,2740.0,5600.0,0.0,3.0,0.0
0021800008,1610612739,Cleveland,Cavaliers,2594,Kyle,Korver,18110.0,23660.0,3.0,10.0,0.087
0021800008,1610612739,Cleveland,Cavaliers,201567,Kevin,Love,0.0,5600.0,6.0,1.0,0.308
0021800008,1610612739,Cleveland,Cavaliers,201567,Kevin,Love,8710.0,11630.0,2.0,1.0,0.333
0021800008,1610612739,Cleveland,Cavaliers,201567,Kevin,Love,12990.0,20220.0,6.0,-1.0,0.219
0021800008,1610612739,Cleveland,Cavaliers,201567,Kevin,Love,23660.0,28358.0,7.0,-4.0,0.4
0021800008,1610612739,Cleveland,Cavaliers,201588,George,Hill,0.0,4910.0,2.0,1.0,0.091
0021800008,1610612739,Cleveland,Cavaliers,201588,George,Hill,8710.0,13815.0,4.0,-5.0,0.136
0021800008,1610612739,Cleveland,Cavaliers,201588,George,Hill,14400.0,19200.0,5.0,-5.0,0.25
0021800008,1610612739,Cleveland,Cavaliers,201588,George,Hill,24310.0,28358.0,4.0,-1.0,0.222
0021800008,1610612739,Cleveland,Cavaliers,202684,Tristan,Thompson,0.0,2740.0,0.0,-2.0,0.133
0021800008,1610612739,Cleveland,Cavaliers,202684,Tristan,Thompson,4260.0,12990.0,3.0,-13.0,0.147
0021800008,1610612739,Cleveland,Cavaliers,202684,Tristan,Thompson,14400.0,16980.0,0.0,-3.0,0.154
0021800008,1610612739,Cleveland,Cavaliers,202684,Tristan,Thompson,23660.0,25860.0,0.0,-2.0,0.111
0021800008,1610612739,Cleveland,Cavaliers,203903,Jordan,Clarkson,5600.0,11630.0,7.0,-6.0,0.261
0021800008,1610612739,Cleveland,Cavaliers,203903,Jordan,Clarkson,13815.0,14400.0,0.0,-2.0,0.5
0021800008,1610612739,Cleveland,Cavaliers,203903,Jordan,Clarkson,20220.0,25000.0,8.0,2.0,0.333
0021800008,1610612739,Cleveland,Cavaliers,203903,Jordan,Clarkson,25860.0,28358.0,0.0,-2.0,0.091
0021800008,1610612739,Cleveland,Cavaliers,203918,Rodney,Hood,0.0,2740.0,4.0,-2.0,0.267
0021800008,1610612739,Cleveland,Cavaliers,203918,Rodney,Hood,4910.0,6590.0,2.0,-2.0,0.25
0021800008,1610612739,Cleveland,Cavaliers,203918,Rodney,Hood,11630.0,13815.0,2.0,-6.0,0.273
0021800008,1610612739,Cleveland,Cavaliers,203918,Rodney,Hood,14400.0,20220.0,4.0,0.0,0.208
0021800008,1610612739,Cleveland,Cavaliers,203918,Rodney,Hood,25000.0,28358.0,0.0,-2.0,0.0
0021800008,1610612739,Cleveland,Cavaliers,204066,John,Holland,28358.0,28800.0,0.0,1.0,0.0
0021800008,1610612739,Cleveland,Cavaliers,1626155,Sam,Dekker,5600.0,8710.0,1.0,-7.0,0.083
0021800008,1610612739,Cleveland,Cavaliers,1626155,Sam,Dekker,11630.0,14400.0,2.0,-8.0,0.231
0021800008,1610612739,Cleveland,Cavaliers,1626155,Sam,Dekker,20220.0,23660.0,1.0,4.0,0.067
0021800008,1610612739,Cleveland,Cavaliers,1626155,Sam,Dekker,28358.0,28800.0,0.0,1.0,0.0
0021800008,1610612739,Cleveland,Cavaliers,1626224,Cedi,Osman,0.0,4910.0,7.0,1.0,0.273
0021800008,1610612739,Cleveland,Cavaliers,1626224,Cedi,Osman,6590.0,12060.0,0.0,-8.0,0.1
0021800008,1610612739,Cleveland,Cavaliers,1626224,Cedi,Osman,13340.0,18110.0,6.0,-10.0,0.19
0021800008,1610612739,Cleveland,Cavaliers,1626224,Cedi,Osman,23660.0,28358.0,4.0,-4.0,0.2
0021800008,1610612739,Cleveland,Cavaliers,1627790,Ante,Zizic,2740.0,4260.0,0.0,3.0,0.0
0021800008,1610612739,Cleveland,Cavaliers,1627790,Ante,Zizic,16980.0,23660.0,4.0,7.0,0.074
0021800008,1610612739,Cleveland,Cavaliers,1627790,Ante,Zizic,28358.0,28800.0,1.0,1.0,0.5
0021800008,1610612739,Cleveland,Cavaliers,1628021,David,Nwaba,13815.0,14400.0,0.0,-2.0,0.0
0021800008,1610612739,Cleveland,Cavaliers,1628021,David,Nwaba,28358.0,28800.0,0.0,1.0,0.0
0021800008,1610612739,Cleveland,Cavaliers,1629012,Collin,Sexton,4910.0,8710.0,4.0,-7.0,0.375
0021800008,1610612739,Cleveland,Cavaliers,1629012,Collin,Sexton,12060.0,13340.0,0.0,0.0,0.143
0021800008,1610612739,Cleveland,Cavaliers,1629012,Collin,Sexton,19200.0,24310.0,5.0,6.0,0.273
0021800008,1610612739,Cleveland,Cavaliers,1629012,Collin,Sexton,28358.0,28800.0,0.0,1.0,0.0
0021800355,1610612739,Cleveland,Cavaliers,101112,Channing,Frye,26950.0,28800.0,0.0,0.0,0.0
0021800355,1610612739,Cleveland,Cavaliers,201588,George,Hill,0.0,4440.0,0.0,7.0,0.2
0021800355,1610612739,Cleveland,Cavaliers,201588,George,Hill,6040.0,10190.0,0.0,2.0,0.125
0021800355,1610612739,Cleveland,Cavaliers,201588,George,Hill,14400.0,17450.0,0.0,-6.0,0.083
0021800355,1610612739,Cleveland,Cavaliers,201588,George,Hill,20560.0,24050.0,0.0,-6.0,0.0
0021800355,1610612739,Cleveland,Cavaliers,202684,Tristan,Thompson,0.0,5080.0,5.0,3.0,0.182
0021800355,1610612739,Cleveland,Cavaliers,202684,Tristan,Thompson,10420.0,11630.0,0.0,0.0,0.0
0021800355,1610612739,Cleveland,Cavaliers,202684,Tristan,Thompson,14400.0,19090.0,0.0,-10.0,0.056
0021800355,1610612739,Cleveland,Cavaliers,202684,Tristan,Thompson,19970.0,26950.0,9.0,-20.0,0.214
0021800355,1610612739,Cleveland,Cavaliers,202692,Alec,Burks,4440.0,10420.0,4.0,-10.0,0.273
0021800355,1610612739,Cleveland,Cavaliers,202692,Alec,Burks,18240.0,24050.0,5.0,-12.0,0.348
0021800355,1610612739,Cleveland,Cavaliers,202692,Alec,Burks,26950.0,28800.0,0.0,0.0,0.167
0021800355,1610612739,Cleveland,Cavaliers,203903,Jordan,Clarkson,4440.0,10190.0,5.0,-10.0,0.238
0021800355,1610612739,Cleveland,Cavaliers,203903,Jordan,Clarkson,11630.0,14400.0,5.0,9.0,0.2
0021800355,1610612739,Cleveland,Cavaliers,203903,Jordan,Clarkson,17450.0,26950.0,7.0,-24.0,0.27
0021800355,1610612739,Cleveland,Cavaliers,203918,Rodney,Hood,0.0,4440.0,11.0,7.0,0.35
0021800355,1610612739,Cleveland,Cavaliers,203918,Rodney,Hood,7200.0,18240.0,4.0,8.0,0.214
0021800355,1610612739,Cleveland,Cavaliers,203918,Rodney,Hood,24050.0,26950.0,0.0,-14.0,0.182
0021800355,1610612739,Cleveland,Cavaliers,1626204,Larry,Nance Jr.,5080.0,14400.0,9.0,3.0,0.147
0021800355,1610612739,Cleveland,Cavaliers,1626204,Larry,Nance Jr.,19090.0,24050.0,2.0,-6.0,0.048
0021800355,1610612739,Cleveland,Cavaliers,1626224,Cedi,Osman,0.0,7200.0,1.0,-6.0,0.172
0021800355,1610612739,Cleveland,Cavaliers,1626224,Cedi,Osman,10190.0,19970.0,15.0,-1.0,0.222
0021800355,1610612739,Cleveland,Cavaliers,1626224,Cedi,Osman,24050.0,26950.0,0.0,-14.0,0.091
0021800355,1610612739,Cleveland,Cavaliers,1627883,Jalen,Jones,26950.0,28800.0,2.0,0.0,0.333
0021800355,1610612739,Cleveland,Cavaliers,1628417,Jaron,Blossomgame,26950.0,28800.0,0.0,0.0,0.167
0021800355,1610612739,Cleveland,Cavaliers,1629012,Collin,Sexton,0.0,6040.0,4.0,-5.0,0.16
0021800355,1610612739,Cleveland,Cavaliers,1629012,Collin,Sexton,10190.0,20560.0,12.0,-1.0,0.237
0021800355,1610612739,Cleveland,Cavaliers,1629012,Collin,Sexton,24050.0,28800.0,5.0,-14.0,0.25
0021800826,1610612739,Cleveland,Cavaliers,101112,Channing,Frye,27430.0,28800.0,6.0,2.0,0.4
0021800826,1610612739,Cleveland,Cavaliers,202688,Brandon,Knight,6160.0,10030.0,6.0,-1.0,0.133
0021800826,1610612739,Cleveland,Cavaliers,202688,Brandon,Knight,21600.0,24770.0,3.0,-5.0,0.1
0021800826,1610612739,Cleveland,Cavaliers,203521,Matthew,Dellavedova,5120.0,10030.0,0.0,-3.0,0.118
0021800826,1610612739,Cleveland,Cavaliers,203521,Matthew,Dellavedova,13080.0,14400.0,3.0,2.0,0.286
0021800826,1610612739,Cleveland,Cavaliers,203521,Matthew,Dellavedova,18690.0,26030.0,2.0,-5.0,0.16
0021800826,1610612739,Cleveland,Cavaliers,203903,Jordan,Clarkson,3970.0,11350.0,7.0,-4.0,0.28
0021800826,1610612739,Cleveland,Cavaliers,203903,Jordan,Clarkson,13080.0,14400.0,0.0,2.0,0.429
0021800826,1610612739,Cleveland,Cavaliers,203903,Jordan,Clarkson,17340.0,27400.0,11.0,-1.0,0.229
0021800826,1610612739,Cleveland,Cavaliers,1626204,Larry,Nance Jr.,0.0,6160.0,2.0,-11.0,0.15
0021800826,1610612739,Cleveland,Cavaliers,1626204,Larry,Nance Jr.,8890.0,21600.0,10.0,1.0,0.152
0021800826,1610612739,Cleveland,Cavaliers,1626204,Larry,Nance Jr.,23060.0,27430.0,4.0,-1.0,0.154
0021800826,1610612739,Cleveland,Cavaliers,1627737,Marquese,Chriss,0.0,3230.0,3.0,-7.0,0.1
0021800826,1610612739,Cleveland,Cavaliers,1627737,Marquese,Chriss,6160.0,10030.0,2.0,-1.0,0.2
0021800826,1610612739,Cleveland,Cavaliers,1627737,Marquese,Chriss,14400.0,17340.0,0.0,-4.0,0.2
0021800826,1610612739,Cleveland,Cavaliers,1627737,Marquese,Chriss,21600.0,26030.0,2.0,-7.0,0.071
0021800826,1610612739,Cleveland,Cavaliers,1627790,Ante,Zizic,3230.0,8890.0,3.0,-8.0,0.2
0021800826,1610612739,Cleveland,Cavaliers,1627790,Ante,Zizic,17340.0,21600.0,0.0,2.0,0.118
0021800826,1610612739,Cleveland,Cavaliers,1628021,David,Nwaba,0.0,3970.0,2.0,-8.0,0.333
0021800826,1610612739,Cleveland,Cavaliers,1628021,David,Nwaba,10030.0,13080.0,1.0,-2.0,0.1
0021800826,1610612739,Cleveland,Cavaliers,1628021,David,Nwaba,14400.0,18690.0,2.0,-4.0,0.133
0021800826,1610612739,Cleveland,Cavaliers,1628021,David,Nwaba,26030.0,28800.0,0.0,6.0,0.0
0021800826,1610612739,Cleveland,Cavaliers,1628417,Jaron,Blossomgame,11350.0,14400.0,0.0,0.0,0.077
0021800826,1610612739,Cleveland,Cavaliers,1628417,Jaron,Blossomgame,18690.0,23060.0,2.0,0.0,0.294
0021800826,1610612739,Cleveland,Cavaliers,1628417,Jaron,Blossomgame,27400.0,28800.0,0.0,2.0,0.0
0021800826,1610612739,Cleveland,Cavaliers,1629012,Collin,Sexton,0.0,5120.0,5.0,-9.0,0.353
0021800826,1610612739,Cleveland,Cavaliers,1629012,Collin,Sexton,10030.0,18690.0,8.0,-4.0,0.29
0021800826,1610612739,Cleveland,Cavaliers,1629012,Collin,Sexton,24770.0,28800.0,3.0,4.0,0.214
0021800826,1610612739,Cleveland,Cavaliers,1629061,Deng,Adel,0.0,6160.0,0.0,-11.0,0.1
0021800826,1610612739,Cleveland,Cavaliers,1629061,Deng,Adel,10030.0,13080.0,0.0,-2.0,0.2
0021800826,1610612739,Cleveland,Cavaliers,1629061,Deng,Adel,14400.0,17340.0,0.0,-4.0,0.1
0021800826,1610612739,Cleveland,Cavaliers,1629061,Deng,Adel,26030.0,28800.0,3.0,6.0,0.3
0021800270,1610612739,Cleveland,Cavaliers,2594,Kyle,Korver,5930.0,9620.0,0.0,-9.0,0.2
0021800270,1610612739,Cleveland,Cavaliers,202684,Tristan,Thompson,0.0,5080.0,4.0,11.0,0.304
0021800270,1610612739,Cleveland,Cavaliers,202684,Tristan,Thompson,8670.0,14059.0,6.0,-2.0,0.158
0021800270,1610612739,Cleveland,Cavaliers,202684,Tristan,Thompson,14400.0,20120.0,2.0,-2.0,0.2
0021800270,1610612739,Cleveland,Cavaliers,202684,Tristan,Thompson,23490.0,27930.0,4.0,13.0,0.111
0021800270,1610612739,Cleveland,Cavaliers,202684,Tristan,Thompson,28110.0,28316.0,0.0,2.0,0.0
0021800270,1610612739,Cleveland,Cavaliers,202684,Tristan,Thompson,28379.0,28489.0,0.0,-2.0,0.0
0021800270,1610612739,Cleveland,Cavaliers,202684,Tristan,Thompson,28597.0,28800.0,2.0,-1.0,0.333
0021800270,1610612739,Cleveland,Cavaliers,203903,Jordan,Clarkson,5080.0,8670.0,0.0,-11.0,0.133
0021800270,1610612739,Cleveland,Cavaliers,203903,Jordan,Clarkson,20120.0,28597.0,19.0,12.0,0.452
0021800270,1610612739,Cleveland,Cavaliers,203918,Rodney,Hood,0.0,5080.0,5.0,11.0,0.217
0021800270,1610612739,Cleveland,Cavaliers,203918,Rodney,Hood,7200.0,21600.0,17.0,-7.0,0.212
0021800270,1610612739,Cleveland,Cavaliers,203918,Rodney,Hood,24780.0,28800.0,3.0,3.0,0.235
0021800270,1610612739,Cleveland,Cavaliers,1626150,Andrew,Harrison,7200.0,9620.0,0.0,-8.0,0.0
0021800270,1610612739,Cleveland,Cavaliers,1626150,Andrew,Harrison,20770.0,28800.0,5.0,13.0,0.097
0021800270,1610612739,Cleveland,Cavaliers,1626204,Larry,Nance Jr.,5080.0,9620.0,0.0,-11.0,0.059
0021800270,1610612739,Cleveland,Cavaliers,1626204,Larry,Nance Jr.,18180.0,24780.0,4.0,8.0,0.087
0021800270,1610612739,Cleveland,Cavaliers,1626224,Cedi,Osman,0.0,7200.0,12.0,8.0,0.258
0021800270,1610612739,Cleveland,Cavaliers,1626224,Cedi,Osman,9620.0,20120.0,2.0,-2.0,0.105
0021800270,1610612739,Cleveland,Cavaliers,1626224,Cedi,Osman,21600.0,28800.0,6.0,8.0,0.179
0021800270,1610612739,Cleveland,Cavaliers,1627790,Ante,Zizic,14059.0,14400.0,0.0,2.0,0.0
0021800270,1610612739,Cleveland,Cavaliers,1628021,David,Nwaba,0.0,5930.0,0.0,9.0,0.038
0021800270,1610612739,Cleveland,Cavaliers,1628021,David,Nwaba,9620.0,18180.0,7.0,-2.0,0.194
0021800270,1610612739,Cleveland,Cavaliers,1628021,David,Nwaba,20120.0,23490.0,0.0,2.0,0.0
0021800270,1610612739,Cleveland,Cavaliers,1629012,Collin,Sexton,0.0,7200.0,10.0,8.0,0.258
0021800270,1610612739,Cleveland,Cavaliers,1629012,Collin,Sexton,9620.0,20770.0,12.0,-4.0,0.325
0021800270,1610612739,Cleveland,Cavaliers,1629012,Collin,Sexton,27930.0,28110.0,0.0,-2.0,0.0
0021800270,1610612739,Cleveland,Cavaliers,1629012,Collin,Sexton,28316.0,28379.0,0.0,-2.0,0.0
0021800270,1610612739,Cleveland,Cavaliers,1629012,Collin,Sexton,28489.0,28800.0,1.0,0.0,0.333
0021800819,1610612739,Cleveland,Cavaliers,101112,Channing,Frye,26750.0,28800.0,0.0,-2.0,0.0
0021800819,1610612739,Cleveland,Cavaliers,201567,Kevin,Love,0.0,3890.0,4.0,-2.0,0.3
0021800819,1610612739,Cleveland,Cavaliers,203521,Matthew,Dellavedova,4790.0,10980.0,0.0,-9.0,0.115
0021800819,1610612739,Cleveland,Cavaliers,203521,Matthew,Dellavedova,18840.0,26750.0,0.0,-3.0,0.167
0021800819,1610612739,Cleveland,Cavaliers,203903,Jordan,Clarkson,4790.0,10980.0,6.0,-9.0,0.346
0021800819,1610612739,Cleveland,Cavaliers,203903,Jordan,Clarkson,12590.0,14400.0,6.0,4.0,0.375
0021800819,1610612739,Cleveland,Cavaliers,203903,Jordan,Clarkson,17790.0,28800.0,12.0,0.0,0.283
0021800819,1610612739,Cleveland,Cavaliers,1626204,Larry,Nance Jr.,0.0,4470.0,0.0,-1.0,0.13
0021800819,1610612739,Cleveland,Cavaliers,1626204,Larry,Nance Jr.,8050.0,12590.0,0.0,-4.0,0.2
0021800819,1610612739,Cleveland,Cavaliers,1626204,Larry,Nance Jr.,14400.0,21600.0,7.0,8.0,0.188
0021800819,1610612739,Cleveland,Cavaliers,1626204,Larry,Nance Jr.,22480.0,26080.0,3.0,-9.0,0.294
0021800819,1610612739,Cleveland,Cavaliers,1627737,Marquese,Chriss,4470.0,8050.0,3.0,-13.0,0.125
0021800819,1610612739,Cleveland,Cavaliers,1627737,Marquese,Chriss,10980.0,14400.0,5.0,-1.0,0.333
0021800819,1610612739,Cleveland,Cavaliers,1627737,Marquese,Chriss,18570.0,22480.0,3.0,3.0,0.263
0021800819,1610612739,Cleveland,Cavaliers,1627737,Marquese,Chriss,26080.0,28800.0,2.0,0.0,0.125
0021800819,1610612739,Cleveland,Cavaliers,1627790,Ante,Zizic,3890.0,9580.0,4.0,-10.0,0.13
0021800819,1610612739,Cleveland,Cavaliers,1627790,Ante,Zizic,14400.0,18570.0,2.0,7.0,0.059
0021800819,1610612739,Cleveland,Cavaliers,1628021,David,Nwaba,0.0,4790.0,8.0,-4.0,0.292
0021800819,1610612739,Cleveland,Cavaliers,1628021,David,Nwaba,9580.0,17790.0,4.0,-1.0,0.206
0021800819,1610612739,Cleveland,Cavaliers,1628021,David,Nwaba,21600.0,26080.0,5.0,-7.0,0.1
0021800819,1610612739,Cleveland,Cavaliers,1629012,Collin,Sexton,0.0,7200.0,10.0,-14.0,0.235
0021800819,1610612739,Cleveland,Cavaliers,1629012,Collin,Sexton,10980.0,21600.0,11.0,7.0,0.191
0021800819,1610612739,Cleveland,Cavaliers,1629012,Collin,Sexton,24030.0,28800.0,6.0,-4.0,0.278
0021800819,1610612739,Cleveland,Cavaliers,1629061,Deng,Adel,0.0,4790.0,0.0,-4.0,0.042
0021800819,1610612739,Cleveland,Cavaliers,1629061,Deng,Adel,7200.0,18840.0,5.0,6.0,0.149
0021800819,1610612739,Cleveland,Cavaliers,1629061,Deng,Adel,21600.0,24030.0,0.0,-3.0,0.0
0021800819,1610612739,Cleveland,Cavaliers,1629061,Deng,Adel,26080.0,28800.0,0.0,0.0,0.125
