GAME_ID,TEAM_ID,TEAM_CITY,TEAM_NAME,PERSON_ID,PLAYER_FIRST,PLAYER_LAST,IN_TIME_REAL,OUT_TIME_REAL,PLAYER_PTS,PT_DIFF,USG_PCT
29800358,1610612752,New York,Knicks,84,Latrell,Sprewell,4680.0,13050.0,7.0,-1.0,0.429
29800358,1610612752,New York,Knicks,84,Latrell,Sprewell,16550.0,28800.0,4.0,0.0,0.106
29800358,1610612752,New York,Knicks,121,Patrick,Ewing,0.0,7200.0,7.0,0.0,0.24
29800358,1610612752,New York,Knicks,121,Patrick,Ewing,13050.0,20950.0,10.0,-12.0,0.375
29800358,1610612752,New York,Knicks,121,Patrick,Ewing,23690.0,28800.0,6.0,-3.0,0.381
29800358,1610612752,New York,Knicks,164,Chris,Childs,4960.0,14400.0,3.0,-3.0,0.091
29800358,1610612752,New York,Knicks,164,Chris,Childs,19220.0,20950.0,0.0,-3.0,0.111
29800358,1610612752,New York,Knicks,164,Chris,Childs,24260.0,28800.0,0.0,-1.0,0.05
29800358,1610612752,New York,Knicks,201,Chris,Dudley,3770.0,9140.0,0.0,6.0,0.053
29800358,1610612752,New York,Knicks,201,Chris,Dudley,20950.0,23690.0,4.0,6.0,0.375
29800358,1610612752,New York,Knicks,275,Allan,Houston,0.0,9140.0,6.0,2.0,0.219
29800358,1610612752,New York,Knicks,275,Allan,Houston,13050.0,16550.0,2.0,-9.0,0.286
29800358,1610612752,New York,Knicks,275,Allan,Houston,20270.0,28800.0,8.0,-1.0,0.25
29800358,1610612752,New York,Knicks,369,Charlie,Ward,0.0,4960.0,0.0,0.0,0.111
29800358,1610612752,New York,Knicks,369,Charlie,Ward,9140.0,19220.0,2.0,-11.0,0.167
29800358,1610612752,New York,Knicks,369,Charlie,Ward,20950.0,24260.0,0.0,4.0,0.111
29800358,1610612752,New York,Knicks,369,Charlie,Ward,28387.0,28800.0,1.0,0.0,0.4
29800358,1610612752,New York,Knicks,703,Kurt,Thomas,0.0,3770.0,0.0,-4.0,0.214
29800358,1610612752,New York,Knicks,703,Kurt,Thomas,14400.0,19640.0,4.0,-4.0,0.19
29800358,1610612752,New York,Knicks,913,Larry,Johnson,0.0,4680.0,4.0,1.0,0.176
29800358,1610612752,New York,Knicks,913,Larry,Johnson,9140.0,20270.0,2.0,-10.0,0.098
29800358,1610612752,New York,Knicks,913,Larry,Johnson,24260.0,28387.0,0.0,-1.0,0.2
29800358,1610612752,New York,Knicks,948,Marcus,Camby,7200.0,13050.0,1.0,0.0,0.1
29800358,1610612752,New York,Knicks,948,Marcus,Camby,19640.0,24260.0,0.0,-1.0,0.133
29800660,1610612752,New York,Knicks,84,Latrell,Sprewell,4580.0,14400.0,17.0,0.0,0.375
29800660,1610612752,New York,Knicks,84,Latrell,Sprewell,18220.0,28800.0,12.0,0.0,0.324
29800660,1610612752,New York,Knicks,164,Chris,Childs,4580.0,14400.0,2.0,0.0,0.156
29800660,1610612752,New York,Knicks,164,Chris,Childs,19190.0,19870.0,0.0,4.0,0.0
29800660,1610612752,New York,Knicks,164,Chris,Childs,20910.0,28800.0,2.0,2.0,0.115
29800660,1610612752,New York,Knicks,201,Chris,Dudley,0.0,4010.0,0.0,0.0,0.077
29800660,1610612752,New York,Knicks,201,Chris,Dudley,11510.0,13430.0,0.0,2.0,0.0
29800660,1610612752,New York,Knicks,201,Chris,Dudley,14400.0,17370.0,2.0,1.0,0.125
29800660,1610612752,New York,Knicks,275,Allan,Houston,0.0,7200.0,4.0,-8.0,0.304
29800660,1610612752,New York,Knicks,275,Allan,Houston,14400.0,28705.0,4.0,0.0,0.214
29800660,1610612752,New York,Knicks,275,Allan,Houston,28722.0,28800.0,0.0,1.0,0.0
29800660,1610612752,New York,Knicks,369,Charlie,Ward,0.0,4580.0,0.0,-2.0,0.067
29800660,1610612752,New York,Knicks,369,Charlie,Ward,14400.0,19190.0,0.0,-5.0,0.077
29800660,1610612752,New York,Knicks,369,Charlie,Ward,19870.0,20910.0,0.0,-2.0,0.25
29800660,1610612752,New York,Knicks,369,Charlie,Ward,27920.0,28343.0,0.0,3.0,0.0
29800660,1610612752,New York,Knicks,369,Charlie,Ward,28354.0,28800.0,0.0,2.0,0.2
29800660,1610612752,New York,Knicks,703,Kurt,Thomas,0.0,11510.0,10.0,-4.0,0.184
29800660,1610612752,New York,Knicks,703,Kurt,Thomas,13430.0,20910.0,0.0,-3.0,0.182
29800660,1610612752,New York,Knicks,703,Kurt,Thomas,24060.0,27920.0,4.0,-2.0,0.364
29800660,1610612752,New York,Knicks,703,Kurt,Thomas,28343.0,28354.0,0.0,0.0,0.0
29800660,1610612752,New York,Knicks,703,Kurt,Thomas,28722.0,28722.0,0.0,0.0,0.0
29800660,1610612752,New York,Knicks,766,David,Wingate,28705.0,28722.0,0.0,-2.0,0.0
29800660,1610612752,New York,Knicks,913,Larry,Johnson,0.0,4580.0,0.0,-2.0,0.267
29800660,1610612752,New York,Knicks,913,Larry,Johnson,7200.0,18220.0,0.0,5.0,0.143
29800660,1610612752,New York,Knicks,913,Larry,Johnson,20910.0,24060.0,3.0,-1.0,0.5
29800660,1610612752,New York,Knicks,913,Larry,Johnson,25940.0,28705.0,3.0,7.0,0.2
29800660,1610612752,New York,Knicks,913,Larry,Johnson,28722.0,28788.0,0.0,1.0,0.0
29800660,1610612752,New York,Knicks,948,Marcus,Camby,4010.0,14400.0,6.0,-2.0,0.176
29800660,1610612752,New York,Knicks,948,Marcus,Camby,17370.0,25940.0,4.0,-8.0,0.125
29800660,1610612752,New York,Knicks,948,Marcus,Camby,28705.0,28722.0,0.0,-2.0,0.0
29800660,1610612752,New York,Knicks,948,Marcus,Camby,28788.0,28800.0,0.0,0.0,0.0
29800507,1610612752,New York,Knicks,84,Latrell,Sprewell,5180.0,14400.0,7.0,1.0,0.303
29800507,1610612752,New York,Knicks,84,Latrell,Sprewell,19080.0,28800.0,11.0,5.0,0.273
29800507,1610612752,New York,Knicks,121,Patrick,Ewing,0.0,6220.0,4.0,-1.0,0.263
29800507,1610612752,New York,Knicks,121,Patrick,Ewing,9790.0,21600.0,8.0,4.0,0.163
29800507,1610612752,New York,Knicks,121,Patrick,Ewing,24600.0,28800.0,4.0,4.0,0.25
29800507,1610612752,New York,Knicks,164,Chris,Childs,5180.0,14400.0,3.0,1.0,0.152
29800507,1610612752,New York,Knicks,164,Chris,Childs,21600.0,26500.0,2.0,7.0,0.188
29800507,1610612752,New York,Knicks,164,Chris,Childs,26980.0,28800.0,2.0,2.0,0.25
29800507,1610612752,New York,Knicks,201,Chris,Dudley,6220.0,9790.0,2.0,-1.0,0.091
29800507,1610612752,New York,Knicks,201,Chris,Dudley,21600.0,24600.0,0.0,2.0,0.0
29800507,1610612752,New York,Knicks,275,Allan,Houston,0.0,7200.0,4.0,-1.0,0.261
29800507,1610612752,New York,Knicks,275,Allan,Houston,13650.0,21600.0,6.0,0.0,0.207
29800507,1610612752,New York,Knicks,275,Allan,Houston,24600.0,28800.0,0.0,4.0,0.0
29800507,1610612752,New York,Knicks,369,Charlie,Ward,0.0,5180.0,0.0,-1.0,0.188
29800507,1610612752,New York,Knicks,369,Charlie,Ward,14321.0,21600.0,5.0,3.0,0.269
29800507,1610612752,New York,Knicks,369,Charlie,Ward,26500.0,26980.0,0.0,-3.0,0.0
29800507,1610612752,New York,Knicks,703,Kurt,Thomas,0.0,6220.0,4.0,-1.0,0.211
29800507,1610612752,New York,Knicks,703,Kurt,Thomas,11050.0,14321.0,2.0,-3.0,0.083
29800507,1610612752,New York,Knicks,703,Kurt,Thomas,14400.0,17080.0,0.0,-4.0,0.111
29800507,1610612752,New York,Knicks,703,Kurt,Thomas,23810.0,24600.0,0.0,2.0,0.0
29800507,1610612752,New York,Knicks,913,Larry,Johnson,0.0,5180.0,5.0,-1.0,0.125
29800507,1610612752,New York,Knicks,913,Larry,Johnson,7200.0,13650.0,5.0,3.0,0.136
29800507,1610612752,New York,Knicks,913,Larry,Johnson,14400.0,19080.0,0.0,3.0,0.063
29800507,1610612752,New York,Knicks,913,Larry,Johnson,21600.0,28800.0,3.0,6.0,0.28
29800507,1610612752,New York,Knicks,948,Marcus,Camby,6220.0,11050.0,7.0,3.0,0.313
29800507,1610612752,New York,Knicks,948,Marcus,Camby,17080.0,23810.0,2.0,6.0,0.182
29800699,1610612752,New York,Knicks,84,Latrell,Sprewell,4830.0,14400.0,7.0,-2.0,0.294
29800699,1610612752,New York,Knicks,84,Latrell,Sprewell,19300.0,28800.0,6.0,-2.0,0.273
29800699,1610612752,New York,Knicks,121,Patrick,Ewing,0.0,7113.0,7.0,3.0,0.379
29800699,1610612752,New York,Knicks,121,Patrick,Ewing,11100.0,20580.0,15.0,7.0,0.387
29800699,1610612752,New York,Knicks,121,Patrick,Ewing,22420.0,28800.0,5.0,-1.0,0.273
29800699,1610612752,New York,Knicks,164,Chris,Childs,4120.0,10030.0,2.0,-12.0,0.095
29800699,1610612752,New York,Knicks,164,Chris,Childs,14192.0,14400.0,0.0,0.0,0.0
29800699,1610612752,New York,Knicks,164,Chris,Childs,19630.0,24550.0,4.0,-3.0,0.176
29800699,1610612752,New York,Knicks,201,Chris,Dudley,7200.0,10030.0,2.0,-4.0,0.25
29800699,1610612752,New York,Knicks,201,Chris,Dudley,20580.0,21600.0,0.0,-2.0,0.0
29800699,1610612752,New York,Knicks,275,Allan,Houston,0.0,7113.0,6.0,3.0,0.276
29800699,1610612752,New York,Knicks,275,Allan,Houston,9260.0,13540.0,2.0,7.0,0.188
29800699,1610612752,New York,Knicks,275,Allan,Houston,14400.0,22420.0,8.0,0.0,0.192
29800699,1610612752,New York,Knicks,275,Allan,Houston,24650.0,28800.0,5.0,2.0,0.2
29800699,1610612752,New York,Knicks,369,Charlie,Ward,0.0,4120.0,2.0,11.0,0.125
29800699,1610612752,New York,Knicks,369,Charlie,Ward,10030.0,14192.0,0.0,9.0,0.063
29800699,1610612752,New York,Knicks,369,Charlie,Ward,14400.0,19630.0,5.0,0.0,0.125
29800699,1610612752,New York,Knicks,369,Charlie,Ward,24550.0,28800.0,0.0,2.0,0.0
29800699,1610612752,New York,Knicks,703,Kurt,Thomas,0.0,5590.0,6.0,5.0,0.167
29800699,1610612752,New York,Knicks,703,Kurt,Thomas,7113.0,7200.0,0.0,0.0,0.0
29800699,1610612752,New York,Knicks,703,Kurt,Thomas,10030.0,12580.0,2.0,6.0,0.111
29800699,1610612752,New York,Knicks,703,Kurt,Thomas,14400.0,19480.0,0.0,-2.0,0.067
29800699,1610612752,New York,Knicks,913,Larry,Johnson,0.0,4830.0,2.0,10.0,0.05
29800699,1610612752,New York,Knicks,913,Larry,Johnson,7113.0,9260.0,0.0,-4.0,0.167
29800699,1610612752,New York,Knicks,913,Larry,Johnson,12580.0,19300.0,3.0,4.0,0.182
29800699,1610612752,New York,Knicks,913,Larry,Johnson,21600.0,28800.0,0.0,-1.0,0.08
29800699,1610612752,New York,Knicks,948,Marcus,Camby,5590.0,11100.0,4.0,-2.0,0.167
29800699,1610612752,New York,Knicks,948,Marcus,Camby,13540.0,14400.0,0.0,2.0,0.0
29800699,1610612752,New York,Knicks,948,Marcus,Camby,19480.0,24650.0,2.0,-1.0,0.111
29800342,1610612752,New York,Knicks,84,Latrell,Sprewell,4220.0,14400.0,21.0,14.0,0.283
29800342,1610612752,New York,Knicks,84,Latrell,Sprewell,19080.0,27760.0,6.0,-1.0,0.259
29800342,1610612752,New York,Knicks,121,Patrick,Ewing,0.0,7200.0,6.0,-5.0,0.318
29800342,1610612752,New York,Knicks,121,Patrick,Ewing,12920.0,21600.0,5.0,16.0,0.121
29800342,1610612752,New York,Knicks,164,Chris,Childs,5860.0,14400.0,1.0,16.0,0.048
29800342,1610612752,New York,Knicks,164,Chris,Childs,19080.0,28800.0,3.0,2.0,0.188
29800342,1610612752,New York,Knicks,275,Allan,Houston,0.0,5860.0,4.0,-6.0,0.235
29800342,1610612752,New York,Knicks,275,Allan,Houston,9870.0,19080.0,7.0,19.0,0.256
29800342,1610612752,New York,Knicks,275,Allan,Houston,24790.0,27560.0,0.0,-1.0,0.273
29800342,1610612752,New York,Knicks,369,Charlie,Ward,0.0,9870.0,10.0,-3.0,0.27
29800342,1610612752,New York,Knicks,369,Charlie,Ward,14400.0,24790.0,8.0,8.0,0.2
29800342,1610612752,New York,Knicks,703,Kurt,Thomas,0.0,5860.0,4.0,-6.0,0.176
29800342,1610612752,New York,Knicks,703,Kurt,Thomas,14400.0,20980.0,2.0,10.0,0.16
29800342,1610612752,New York,Knicks,703,Kurt,Thomas,28200.0,28800.0,0.0,0.0,0.333
29800342,1610612752,New York,Knicks,766,David,Wingate,27560.0,28800.0,0.0,1.0,0.0
29800342,1610612752,New York,Knicks,913,Larry,Johnson,0.0,4220.0,0.0,-4.0,0.083
29800342,1610612752,New York,Knicks,913,Larry,Johnson,7200.0,12920.0,1.0,9.0,0.129
29800342,1610612752,New York,Knicks,913,Larry,Johnson,14400.0,19080.0,5.0,6.0,0.278
29800342,1610612752,New York,Knicks,913,Larry,Johnson,21600.0,28200.0,7.0,-2.0,0.2
29800342,1610612752,New York,Knicks,948,Marcus,Camby,5860.0,14400.0,6.0,16.0,0.214
29800342,1610612752,New York,Knicks,948,Marcus,Camby,20980.0,28800.0,0.0,-2.0,0.08
29800342,1610612752,New York,Knicks,1594,Rick,Brunson,27760.0,28800.0,0.0,3.0,0.2
29800162,1610612752,New York,Knicks,121,Patrick,Ewing,0.0,6570.0,7.0,-3.0,0.318
29800162,1610612752,New York,Knicks,121,Patrick,Ewing,9490.0,19580.0,10.0,9.0,0.316
29800162,1610612752,New York,Knicks,121,Patrick,Ewing,22450.0,26280.0,0.0,-4.0,0.167
29800162,1610612752,New York,Knicks,164,Chris,Childs,4150.0,14400.0,4.0,-6.0,0.162
29800162,1610612752,New York,Knicks,164,Chris,Childs,18050.0,28800.0,6.0,-6.0,0.205
29800162,1610612752,New York,Knicks,192,Dennis,Scott,5420.0,9490.0,0.0,-15.0,0.067
29800162,1610612752,New York,Knicks,275,Allan,Houston,0.0,5420.0,9.0,0.0,0.333
29800162,1610612752,New York,Knicks,275,Allan,Houston,7200.0,21465.0,9.0,-2.0,0.145
29800162,1610612752,New York,Knicks,275,Allan,Houston,22450.0,26610.0,2.0,-3.0,0.308
29800162,1610612752,New York,Knicks,369,Charlie,Ward,0.0,7200.0,5.0,-9.0,0.24
29800162,1610612752,New York,Knicks,369,Charlie,Ward,9490.0,20100.0,4.0,0.0,0.19
29800162,1610612752,New York,Knicks,369,Charlie,Ward,21600.0,22950.0,0.0,0.0,0.4
29800162,1610612752,New York,Knicks,703,Kurt,Thomas,0.0,3490.0,0.0,1.0,0.083
29800162,1610612752,New York,Knicks,703,Kurt,Thomas,7200.0,9490.0,4.0,-6.0,0.375
29800162,1610612752,New York,Knicks,703,Kurt,Thomas,18050.0,23420.0,4.0,-5.0,0.091
29800162,1610612752,New York,Knicks,703,Kurt,Thomas,26280.0,28800.0,0.0,1.0,0.125
29800162,1610612752,New York,Knicks,766,David,Wingate,21465.0,21600.0,0.0,0.0,0.0
29800162,1610612752,New York,Knicks,766,David,Wingate,27430.0,28800.0,0.0,3.0,0.2
29800162,1610612752,New York,Knicks,913,Larry,Johnson,0.0,4150.0,0.0,0.0,0.0
29800162,1610612752,New York,Knicks,913,Larry,Johnson,6570.0,12210.0,2.0,-8.0,0.1
29800162,1610612752,New York,Knicks,913,Larry,Johnson,14400.0,18050.0,0.0,-2.0,0.071
29800162,1610612752,New York,Knicks,913,Larry,Johnson,19580.0,22450.0,0.0,-5.0,0.083
29800162,1610612752,New York,Knicks,913,Larry,Johnson,23420.0,27430.0,1.0,-4.0,0.154
29800162,1610612752,New York,Knicks,948,Marcus,Camby,3490.0,7200.0,2.0,-10.0,0.231
29800162,1610612752,New York,Knicks,948,Marcus,Camby,12210.0,18050.0,6.0,3.0,0.273
29800162,1610612752,New York,Knicks,948,Marcus,Camby,20100.0,22450.0,2.0,4.0,0.111
29800162,1610612752,New York,Knicks,948,Marcus,Camby,22950.0,28800.0,1.0,-3.0,0.053
29800162,1610612752,New York,Knicks,1594,Rick,Brunson,26610.0,28800.0,2.0,0.0,0.375
29800188,1610612752,New York,Knicks,121,Patrick,Ewing,0.0,7200.0,4.0,6.0,0.16
29800188,1610612752,New York,Knicks,121,Patrick,Ewing,10220.0,13750.0,0.0,-2.0,0.2
29800188,1610612752,New York,Knicks,121,Patrick,Ewing,14400.0,21600.0,8.0,5.0,0.333
29800188,1610612752,New York,Knicks,121,Patrick,Ewing,23590.0,28800.0,4.0,-3.0,0.273
29800188,1610612752,New York,Knicks,164,Chris,Childs,5500.0,14138.0,4.0,3.0,0.143
29800188,1610612752,New York,Knicks,164,Chris,Childs,20650.0,28800.0,5.0,-4.0,0.129
29800188,1610612752,New York,Knicks,192,Dennis,Scott,5030.0,13750.0,9.0,2.0,0.185
29800188,1610612752,New York,Knicks,192,Dennis,Scott,20650.0,24700.0,0.0,-5.0,0.0
29800188,1610612752,New York,Knicks,201,Chris,Dudley,5160.0,5500.0,0.0,-1.0,0.0
29800188,1610612752,New York,Knicks,201,Chris,Dudley,7200.0,10220.0,0.0,6.0,0.111
29800188,1610612752,New York,Knicks,275,Allan,Houston,0.0,5500.0,2.0,7.0,0.158
29800188,1610612752,New York,Knicks,275,Allan,Houston,8600.0,23590.0,9.0,-4.0,0.244
29800188,1610612752,New York,Knicks,275,Allan,Houston,24700.0,28800.0,4.0,1.0,0.158
29800188,1610612752,New York,Knicks,369,Charlie,Ward,0.0,8600.0,9.0,14.0,0.241
29800188,1610612752,New York,Knicks,369,Charlie,Ward,13750.0,20650.0,0.0,1.0,0.048
29800188,1610612752,New York,Knicks,369,Charlie,Ward,23590.0,28800.0,0.0,-3.0,0.136
29800188,1610612752,New York,Knicks,703,Kurt,Thomas,0.0,4120.0,4.0,3.0,0.286
29800188,1610612752,New York,Knicks,703,Kurt,Thomas,11510.0,12110.0,0.0,-1.0,0.0
29800188,1610612752,New York,Knicks,703,Kurt,Thomas,14400.0,21600.0,4.0,5.0,0.286
29800188,1610612752,New York,Knicks,703,Kurt,Thomas,24700.0,26370.0,1.0,4.0,0.25
29800188,1610612752,New York,Knicks,766,David,Wingate,14138.0,14400.0,0.0,-2.0,0.0
29800188,1610612752,New York,Knicks,913,Larry,Johnson,0.0,5030.0,5.0,8.0,0.235
29800188,1610612752,New York,Knicks,913,Larry,Johnson,5500.0,10220.0,0.0,5.0,0.188
29800188,1610612752,New York,Knicks,913,Larry,Johnson,12110.0,20650.0,7.0,-3.0,0.231
29800188,1610612752,New York,Knicks,913,Larry,Johnson,21600.0,23590.0,2.0,-3.0,0.5
29800188,1610612752,New York,Knicks,913,Larry,Johnson,26370.0,28800.0,2.0,-3.0,0.182
29800188,1610612752,New York,Knicks,948,Marcus,Camby,4120.0,5160.0,0.0,5.0,0.0
29800188,1610612752,New York,Knicks,948,Marcus,Camby,10220.0,11510.0,0.0,3.0,0.0
29800188,1610612752,New York,Knicks,948,Marcus,Camby,21600.0,24700.0,2.0,-7.0,0.333
29800188,1610612752,New York,Knicks,1006,Herb,Williams,13750.0,14400.0,0.0,-2.0,0.0
29800103,1610612752,New York,Knicks,121,Patrick,Ewing,0.0,6250.0,6.0,-6.0,0.269
29800103,1610612752,New York,Knicks,121,Patrick,Ewing,10410.0,20260.0,6.0,-10.0,0.29
29800103,1610612752,New York,Knicks,121,Patrick,Ewing,21600.0,24760.0,2.0,-8.0,0.25
29800103,1610612752,New York,Knicks,164,Chris,Childs,5520.0,14400.0,6.0,-1.0,0.25
29800103,1610612752,New York,Knicks,164,Chris,Childs,20260.0,24760.0,2.0,-11.0,0.125
29800103,1610612752,New York,Knicks,192,Dennis,Scott,4650.0,12050.0,3.0,4.0,0.25
29800103,1610612752,New York,Knicks,192,Dennis,Scott,18920.0,21600.0,0.0,-7.0,0.0
29800103,1610612752,New York,Knicks,192,Dennis,Scott,23640.0,28800.0,2.0,-2.0,0.167
29800103,1610612752,New York,Knicks,201,Chris,Dudley,6250.0,7930.0,0.0,2.0,0.0
29800103,1610612752,New York,Knicks,201,Chris,Dudley,24760.0,28800.0,2.0,1.0,0.16
29800103,1610612752,New York,Knicks,275,Allan,Houston,0.0,5520.0,5.0,-6.0,0.391
29800103,1610612752,New York,Knicks,275,Allan,Houston,6250.0,10050.0,5.0,4.0,0.273
29800103,1610612752,New York,Knicks,275,Allan,Houston,12050.0,20260.0,0.0,-14.0,0.16
29800103,1610612752,New York,Knicks,275,Allan,Houston,21232.0,24300.0,2.0,-12.0,0.1
29800103,1610612752,New York,Knicks,369,Charlie,Ward,0.0,6250.0,2.0,-6.0,0.154
29800103,1610612752,New York,Knicks,369,Charlie,Ward,10050.0,21232.0,0.0,-13.0,0.118
29800103,1610612752,New York,Knicks,369,Charlie,Ward,21600.0,24760.0,0.0,-8.0,0.167
29800103,1610612752,New York,Knicks,703,Kurt,Thomas,0.0,4650.0,0.0,-4.0,0.15
29800103,1610612752,New York,Knicks,703,Kurt,Thomas,14400.0,18920.0,2.0,-3.0,0.071
29800103,1610612752,New York,Knicks,703,Kurt,Thomas,24760.0,26140.0,0.0,-6.0,0.4
29800103,1610612752,New York,Knicks,766,David,Wingate,24300.0,28800.0,2.0,3.0,0.107
29800103,1610612752,New York,Knicks,913,Larry,Johnson,0.0,4650.0,0.0,-4.0,0.0
29800103,1610612752,New York,Knicks,913,Larry,Johnson,7930.0,13770.0,5.0,1.0,0.167
29800103,1610612752,New York,Knicks,913,Larry,Johnson,14400.0,18920.0,4.0,-3.0,0.357
29800103,1610612752,New York,Knicks,913,Larry,Johnson,20260.0,21600.0,2.0,-3.0,0.5
29800103,1610612752,New York,Knicks,948,Marcus,Camby,4650.0,10410.0,4.0,0.0,0.167
29800103,1610612752,New York,Knicks,948,Marcus,Camby,13770.0,14400.0,0.0,-4.0,0.0
29800103,1610612752,New York,Knicks,948,Marcus,Camby,18920.0,23640.0,2.0,-12.0,0.2
29800103,1610612752,New York,Knicks,989,Ben,Davis,26140.0,28800.0,7.0,7.0,0.35
29800103,1610612752,New York,Knicks,1594,Rick,Brunson,24760.0,28800.0,3.0,1.0,0.24
29800437,1610612752,New York,Knicks,84,Latrell,Sprewell,0.0,8410.0,5.0,-11.0,0.194
29800437,1610612752,New York,Knicks,84,Latrell,Sprewell,14400.0,24100.0,6.0,1.0,0.303
29800437,1610612752,New York,Knicks,84,Latrell,Sprewell,28789.0,28793.0,0.0,2.0,0.0
29800437,1610612752,New York,Knicks,121,Patrick,Ewing,0.0,5260.0,2.0,-3.0,0.238
29800437,1610612752,New York,Knicks,121,Patrick,Ewing,7200.0,18960.0,5.0,-5.0,0.278
29800437,1610612752,New York,Knicks,121,Patrick,Ewing,22820.0,28800.0,6.0,7.0,0.316
29800437,1610612752,New York,Knicks,164,Chris,Childs,4570.0,14400.0,2.0,-1.0,0.125
29800437,1610612752,New York,Knicks,164,Chris,Childs,18320.0,28800.0,9.0,17.0,0.194
29800437,1610612752,New York,Knicks,201,Chris,Dudley,0.0,1790.0,0.0,2.0,0.0
29800437,1610612752,New York,Knicks,201,Chris,Dudley,14400.0,18320.0,0.0,-9.0,0.0
29800437,1610612752,New York,Knicks,275,Allan,Houston,0.0,6280.0,6.0,-4.0,0.333
29800437,1610612752,New York,Knicks,275,Allan,Houston,8410.0,18320.0,6.0,-2.0,0.161
29800437,1610612752,New York,Knicks,275,Allan,Houston,20480.0,28800.0,4.0,14.0,0.267
29800437,1610612752,New York,Knicks,369,Charlie,Ward,0.0,4570.0,0.0,-3.0,0.059
29800437,1610612752,New York,Knicks,369,Charlie,Ward,6280.0,20480.0,9.0,-6.0,0.178
29800437,1610612752,New York,Knicks,369,Charlie,Ward,24100.0,28800.0,5.0,7.0,0.2
29800437,1610612752,New York,Knicks,703,Kurt,Thomas,1790.0,7200.0,2.0,-7.0,0.211
29800437,1610612752,New York,Knicks,703,Kurt,Thomas,10660.0,14400.0,2.0,5.0,0.091
29800437,1610612752,New York,Knicks,703,Kurt,Thomas,18320.0,22820.0,0.0,10.0,0.0
29800437,1610612752,New York,Knicks,948,Marcus,Camby,5260.0,10660.0,3.0,-6.0,0.294
29800437,1610612752,New York,Knicks,948,Marcus,Camby,18960.0,28789.0,6.0,12.0,0.176
29800437,1610612752,New York,Knicks,948,Marcus,Camby,28793.0,28800.0,0.0,0.0,0.0
29800056,1610612752,New York,Knicks,121,Patrick,Ewing,0.0,7200.0,8.0,1.0,0.16
29800056,1610612752,New York,Knicks,121,Patrick,Ewing,10800.0,19860.0,7.0,0.0,0.273
29800056,1610612752,New York,Knicks,121,Patrick,Ewing,20890.0,21330.0,0.0,4.0,0.333
29800056,1610612752,New York,Knicks,121,Patrick,Ewing,21600.0,28800.0,3.0,8.0,0.318
29800056,1610612752,New York,Knicks,164,Chris,Childs,4620.0,12190.0,8.0,-6.0,0.261
29800056,1610612752,New York,Knicks,164,Chris,Childs,17180.0,28800.0,0.0,10.0,0.077
29800056,1610612752,New York,Knicks,192,Dennis,Scott,4620.0,9650.0,2.0,2.0,0.133
29800056,1610612752,New York,Knicks,192,Dennis,Scott,16010.0,20380.0,0.0,2.0,0.25
29800056,1610612752,New York,Knicks,201,Chris,Dudley,7200.0,10800.0,0.0,-4.0,0.091
29800056,1610612752,New York,Knicks,275,Allan,Houston,0.0,6280.0,2.0,-1.0,0.227
29800056,1610612752,New York,Knicks,275,Allan,Houston,9650.0,17180.0,2.0,-6.0,0.24
29800056,1610612752,New York,Knicks,275,Allan,Houston,20380.0,28800.0,11.0,10.0,0.385
29800056,1610612752,New York,Knicks,369,Charlie,Ward,0.0,4620.0,2.0,-1.0,0.176
29800056,1610612752,New York,Knicks,369,Charlie,Ward,6280.0,9650.0,2.0,2.0,0.3
29800056,1610612752,New York,Knicks,369,Charlie,Ward,10800.0,20380.0,6.0,-2.0,0.176
29800056,1610612752,New York,Knicks,369,Charlie,Ward,23740.0,28800.0,3.0,3.0,0.133
29800056,1610612752,New York,Knicks,703,Kurt,Thomas,0.0,3160.0,4.0,1.0,0.455
29800056,1610612752,New York,Knicks,703,Kurt,Thomas,9650.0,10800.0,0.0,-4.0,0.0
29800056,1610612752,New York,Knicks,703,Kurt,Thomas,14400.0,20890.0,5.0,-2.0,0.261
29800056,1610612752,New York,Knicks,766,David,Wingate,21330.0,21600.0,0.0,0.0,0.0
29800056,1610612752,New York,Knicks,913,Larry,Johnson,0.0,4620.0,0.0,-1.0,0.118
29800056,1610612752,New York,Knicks,913,Larry,Johnson,8980.0,16010.0,0.0,-12.0,0.083
29800056,1610612752,New York,Knicks,913,Larry,Johnson,20380.0,23740.0,2.0,7.0,0.182
29800056,1610612752,New York,Knicks,913,Larry,Johnson,28464.0,28800.0,0.0,2.0,0.0
29800056,1610612752,New York,Knicks,948,Marcus,Camby,3160.0,8980.0,2.0,4.0,0.211
29800056,1610612752,New York,Knicks,948,Marcus,Camby,12190.0,14400.0,1.0,2.0,0.111
29800056,1610612752,New York,Knicks,948,Marcus,Camby,19860.0,28464.0,3.0,6.0,0.077
29800279,1610612752,New York,Knicks,84,Latrell,Sprewell,1610.0,10500.0,6.0,-8.0,0.357
29800279,1610612752,New York,Knicks,84,Latrell,Sprewell,12090.0,23710.0,4.0,-3.0,0.25
29800279,1610612752,New York,Knicks,164,Chris,Childs,2760.0,9900.0,3.0,-1.0,0.227
29800279,1610612752,New York,Knicks,164,Chris,Childs,11820.0,21249.0,0.0,-10.0,0.094
29800279,1610612752,New York,Knicks,164,Chris,Childs,23710.0,28800.0,0.0,14.0,0.087
29800279,1610612752,New York,Knicks,192,Dennis,Scott,5680.0,11820.0,0.0,-3.0,0.0
29800279,1610612752,New York,Knicks,201,Chris,Dudley,0.0,2080.0,0.0,-11.0,0.0
29800279,1610612752,New York,Knicks,201,Chris,Dudley,8870.0,11820.0,0.0,-6.0,0.091
29800279,1610612752,New York,Knicks,201,Chris,Dudley,14400.0,19130.0,0.0,-2.0,0.125
29800279,1610612752,New York,Knicks,201,Chris,Dudley,25720.0,28800.0,2.0,14.0,0.2
29800279,1610612752,New York,Knicks,275,Allan,Houston,0.0,5680.0,2.0,-19.0,0.222
29800279,1610612752,New York,Knicks,275,Allan,Houston,10500.0,18950.0,6.0,-9.0,0.355
29800279,1610612752,New York,Knicks,275,Allan,Houston,21249.0,28800.0,8.0,19.0,0.194
29800279,1610612752,New York,Knicks,369,Charlie,Ward,0.0,2760.0,0.0,-15.0,0.1
29800279,1610612752,New York,Knicks,703,Kurt,Thomas,0.0,1610.0,0.0,-8.0,0.167
29800279,1610612752,New York,Knicks,703,Kurt,Thomas,5680.0,8870.0,2.0,3.0,0.3
29800279,1610612752,New York,Knicks,703,Kurt,Thomas,16500.0,25720.0,11.0,0.0,0.333
29800279,1610612752,New York,Knicks,913,Larry,Johnson,0.0,16500.0,4.0,-27.0,0.189
29800279,1610612752,New York,Knicks,948,Marcus,Camby,2080.0,5680.0,2.0,-8.0,0.167
29800279,1610612752,New York,Knicks,948,Marcus,Camby,11820.0,14400.0,0.0,-3.0,0.111
29800279,1610612752,New York,Knicks,948,Marcus,Camby,19130.0,28800.0,11.0,14.0,0.211
29800279,1610612752,New York,Knicks,1594,Rick,Brunson,9900.0,12090.0,0.0,-8.0,0.0
29800279,1610612752,New York,Knicks,1594,Rick,Brunson,18950.0,28800.0,2.0,12.0,0.132
29800123,1610612752,New York,Knicks,121,Patrick,Ewing,0.0,5000.0,2.0,6.0,0.222
29800123,1610612752,New York,Knicks,121,Patrick,Ewing,9420.0,21600.0,8.0,-5.0,0.342
29800123,1610612752,New York,Knicks,121,Patrick,Ewing,24500.0,27470.0,0.0,9.0,0.3
29800123,1610612752,New York,Knicks,164,Chris,Childs,6320.0,14400.0,2.0,2.0,0.167
29800123,1610612752,New York,Knicks,164,Chris,Childs,19750.0,28000.0,5.0,3.0,0.25
29800123,1610612752,New York,Knicks,192,Dennis,Scott,9620.0,12680.0,3.0,-1.0,0.111
29800123,1610612752,New York,Knicks,192,Dennis,Scott,23340.0,28800.0,1.0,7.0,0.211
29800123,1610612752,New York,Knicks,201,Chris,Dudley,5000.0,9420.0,0.0,6.0,0.071
29800123,1610612752,New York,Knicks,275,Allan,Houston,0.0,9750.0,16.0,12.0,0.333
29800123,1610612752,New York,Knicks,275,Allan,Houston,12130.0,24500.0,10.0,-5.0,0.184
29800123,1610612752,New York,Knicks,369,Charlie,Ward,0.0,6320.0,2.0,5.0,0.091
29800123,1610612752,New York,Knicks,369,Charlie,Ward,9750.0,12130.0,2.0,1.0,0.286
29800123,1610612752,New York,Knicks,369,Charlie,Ward,14400.0,19750.0,0.0,4.0,0.056
29800123,1610612752,New York,Knicks,369,Charlie,Ward,24500.0,27690.0,0.0,9.0,0.182
29800123,1610612752,New York,Knicks,703,Kurt,Thomas,0.0,6793.0,6.0,7.0,0.174
29800123,1610612752,New York,Knicks,703,Kurt,Thomas,14400.0,19750.0,6.0,4.0,0.333
29800123,1610612752,New York,Knicks,703,Kurt,Thomas,21600.0,28800.0,5.0,9.0,0.12
29800123,1610612752,New York,Knicks,766,David,Wingate,28000.0,28800.0,0.0,2.0,0.0
29800123,1610612752,New York,Knicks,913,Larry,Johnson,0.0,9620.0,5.0,12.0,0.212
29800123,1610612752,New York,Knicks,913,Larry,Johnson,12680.0,23340.0,2.0,-2.0,0.118
29800123,1610612752,New York,Knicks,948,Marcus,Camby,6793.0,14400.0,0.0,0.0,0.087
29800123,1610612752,New York,Knicks,948,Marcus,Camby,19750.0,24500.0,0.0,-3.0,0.071
29800123,1610612752,New York,Knicks,948,Marcus,Camby,27470.0,28800.0,2.0,-1.0,0.143
29800123,1610612752,New York,Knicks,1594,Rick,Brunson,27690.0,28800.0,2.0,-1.0,0.286
29800307,1610612752,New York,Knicks,84,Latrell,Sprewell,5220.0,14400.0,20.0,0.0,0.485
29800307,1610612752,New York,Knicks,84,Latrell,Sprewell,17910.0,26310.0,11.0,13.0,0.25
29800307,1610612752,New York,Knicks,164,Chris,Childs,5220.0,9040.0,2.0,-11.0,0.083
29800307,1610612752,New York,Knicks,164,Chris,Childs,20090.0,26310.0,4.0,15.0,0.136
29800307,1610612752,New York,Knicks,201,Chris,Dudley,0.0,6570.0,2.0,15.0,0.048
29800307,1610612752,New York,Knicks,201,Chris,Dudley,12310.0,13975.0,0.0,6.0,0.125
29800307,1610612752,New York,Knicks,201,Chris,Dudley,14400.0,15370.0,0.0,-3.0,0.0
29800307,1610612752,New York,Knicks,201,Chris,Dudley,20090.0,23610.0,0.0,6.0,0.0
29800307,1610612752,New York,Knicks,201,Chris,Dudley,27420.0,28226.0,0.0,-3.0,0.0
29800307,1610612752,New York,Knicks,275,Allan,Houston,0.0,7680.0,7.0,7.0,0.24
29800307,1610612752,New York,Knicks,275,Allan,Houston,12310.0,22320.0,17.0,4.0,0.316
29800307,1610612752,New York,Knicks,369,Charlie,Ward,0.0,5220.0,3.0,17.0,0.111
29800307,1610612752,New York,Knicks,369,Charlie,Ward,7680.0,20090.0,2.0,4.0,0.114
29800307,1610612752,New York,Knicks,369,Charlie,Ward,22320.0,28800.0,10.0,11.0,0.25
29800307,1610612752,New York,Knicks,703,Kurt,Thomas,0.0,5790.0,2.0,17.0,0.158
29800307,1610612752,New York,Knicks,703,Kurt,Thomas,9040.0,13811.0,2.0,11.0,0.125
29800307,1610612752,New York,Knicks,703,Kurt,Thomas,14400.0,17910.0,2.0,-4.0,0.333
29800307,1610612752,New York,Knicks,703,Kurt,Thomas,19100.0,28800.0,6.0,10.0,0.171
29800307,1610612752,New York,Knicks,766,David,Wingate,26310.0,28800.0,0.0,-2.0,0.091
29800307,1610612752,New York,Knicks,913,Larry,Johnson,0.0,5220.0,13.0,17.0,0.389
29800307,1610612752,New York,Knicks,913,Larry,Johnson,7680.0,12310.0,3.0,2.0,0.067
29800307,1610612752,New York,Knicks,913,Larry,Johnson,14400.0,20090.0,4.0,-6.0,0.263
29800307,1610612752,New York,Knicks,948,Marcus,Camby,5790.0,7680.0,0.0,-10.0,0.167
29800307,1610612752,New York,Knicks,948,Marcus,Camby,13975.0,14400.0,0.0,2.0,0.0
29800307,1610612752,New York,Knicks,948,Marcus,Camby,15370.0,19100.0,0.0,0.0,0.077
29800307,1610612752,New York,Knicks,948,Marcus,Camby,25520.0,27420.0,3.0,0.0,0.143
29800307,1610612752,New York,Knicks,1006,Herb,Williams,6570.0,12310.0,0.0,-6.0,0.158
29800307,1610612752,New York,Knicks,1006,Herb,Williams,13811.0,14400.0,0.0,0.0,0.0
29800307,1610612752,New York,Knicks,1006,Herb,Williams,23610.0,25520.0,0.0,12.0,0.0
29800307,1610612752,New York,Knicks,1006,Herb,Williams,28226.0,28800.0,0.0,-2.0,0.0
29800307,1610612752,New York,Knicks,1594,Rick,Brunson,26310.0,28800.0,0.0,-2.0,0.273
29800413,1610612752,New York,Knicks,84,Latrell,Sprewell,4750.0,14400.0,4.0,-11.0,0.156
29800413,1610612752,New York,Knicks,84,Latrell,Sprewell,18470.0,28800.0,21.0,2.0,0.447
29800413,1610612752,New York,Knicks,121,Patrick,Ewing,0.0,6716.0,10.0,5.0,0.304
29800413,1610612752,New York,Knicks,121,Patrick,Ewing,8560.0,22810.0,6.0,-4.0,0.353
29800413,1610612752,New York,Knicks,121,Patrick,Ewing,25070.0,28344.0,4.0,-2.0,0.286
29800413,1610612752,New York,Knicks,121,Patrick,Ewing,28425.0,28566.0,0.0,-2.0,0.0
29800413,1610612752,New York,Knicks,164,Chris,Childs,6220.0,11850.0,3.0,-15.0,0.167
29800413,1610612752,New York,Knicks,164,Chris,Childs,12370.0,14400.0,3.0,4.0,0.125
29800413,1610612752,New York,Knicks,164,Chris,Childs,20060.0,28800.0,5.0,-1.0,0.061
29800413,1610612752,New York,Knicks,201,Chris,Dudley,0.0,2680.0,0.0,1.0,0.1
29800413,1610612752,New York,Knicks,201,Chris,Dudley,10300.0,12370.0,0.0,-9.0,0.0
29800413,1610612752,New York,Knicks,201,Chris,Dudley,14400.0,19080.0,2.0,0.0,0.059
29800413,1610612752,New York,Knicks,201,Chris,Dudley,21576.0,25070.0,0.0,2.0,0.091
29800413,1610612752,New York,Knicks,275,Allan,Houston,0.0,6220.0,7.0,7.0,0.286
29800413,1610612752,New York,Knicks,275,Allan,Houston,9440.0,10300.0,0.0,-1.0,0.0
29800413,1610612752,New York,Knicks,275,Allan,Houston,14400.0,28800.0,8.0,0.0,0.189
29800413,1610612752,New York,Knicks,369,Charlie,Ward,0.0,7200.0,0.0,6.0,0.12
29800413,1610612752,New York,Knicks,369,Charlie,Ward,11850.0,20060.0,2.0,1.0,0.207
29800413,1610612752,New York,Knicks,703,Kurt,Thomas,2680.0,8560.0,2.0,-2.0,0.158
29800413,1610612752,New York,Knicks,703,Kurt,Thomas,13909.0,14400.0,0.0,0.0,0.0
29800413,1610612752,New York,Knicks,703,Kurt,Thomas,19080.0,21576.0,0.0,1.0,0.0
29800413,1610612752,New York,Knicks,913,Larry,Johnson,0.0,4750.0,5.0,3.0,0.313
29800413,1610612752,New York,Knicks,913,Larry,Johnson,7200.0,13909.0,6.0,-14.0,0.227
29800413,1610612752,New York,Knicks,913,Larry,Johnson,14400.0,18470.0,0.0,-2.0,0.067
29800413,1610612752,New York,Knicks,913,Larry,Johnson,22810.0,28800.0,1.0,-3.0,0.045
29800413,1610612752,New York,Knicks,948,Marcus,Camby,6716.0,9440.0,2.0,-7.0,0.111
29800413,1610612752,New York,Knicks,948,Marcus,Camby,28344.0,28425.0,0.0,-1.0,0.0
29800413,1610612752,New York,Knicks,948,Marcus,Camby,28566.0,28800.0,0.0,2.0,0.0
29800195,1610612752,New York,Knicks,121,Patrick,Ewing,0.0,6915.0,8.0,1.0,0.391
29800195,1610612752,New York,Knicks,121,Patrick,Ewing,10590.0,13540.0,3.0,5.0,0.444
29800195,1610612752,New York,Knicks,121,Patrick,Ewing,14400.0,21600.0,14.0,-8.0,0.433
29800195,1610612752,New York,Knicks,121,Patrick,Ewing,23110.0,31800.0,6.0,-2.0,0.379
29800195,1610612752,New York,Knicks,164,Chris,Childs,5110.0,14400.0,8.0,9.0,0.185
29800195,1610612752,New York,Knicks,164,Chris,Childs,17820.0,31800.0,2.0,1.0,0.1
29800195,1610612752,New York,Knicks,192,Dennis,Scott,6190.0,12690.0,4.0,3.0,0.222
29800195,1610612752,New York,Knicks,192,Dennis,Scott,21000.0,24570.0,0.0,-9.0,0.077
29800195,1610612752,New York,Knicks,192,Dennis,Scott,31677.0,31800.0,0.0,0.0,0.0
29800195,1610612752,New York,Knicks,201,Chris,Dudley,6915.0,7044.0,0.0,0.0,0.0
29800195,1610612752,New York,Knicks,201,Chris,Dudley,7200.0,10590.0,0.0,1.0,0.0
29800195,1610612752,New York,Knicks,201,Chris,Dudley,13540.0,14400.0,0.0,2.0,0.0
29800195,1610612752,New York,Knicks,275,Allan,Houston,0.0,10590.0,4.0,4.0,0.176
29800195,1610612752,New York,Knicks,275,Allan,Houston,12690.0,23110.0,0.0,-6.0,0.15
29800195,1610612752,New York,Knicks,275,Allan,Houston,24570.0,31800.0,2.0,3.0,0.2
29800195,1610612752,New York,Knicks,369,Charlie,Ward,0.0,6190.0,3.0,4.0,0.143
29800195,1610612752,New York,Knicks,369,Charlie,Ward,7044.0,7200.0,0.0,2.0,0.0
29800195,1610612752,New York,Knicks,369,Charlie,Ward,10590.0,21000.0,0.0,1.0,0.054
29800195,1610612752,New York,Knicks,369,Charlie,Ward,23110.0,31800.0,2.0,-2.0,0.103
29800195,1610612752,New York,Knicks,703,Kurt,Thomas,0.0,9440.0,2.0,1.0,0.129
29800195,1610612752,New York,Knicks,703,Kurt,Thomas,14400.0,17820.0,0.0,-13.0,0.154
29800195,1610612752,New York,Knicks,703,Kurt,Thomas,20110.0,23110.0,0.0,-2.0,0.077
29800195,1610612752,New York,Knicks,703,Kurt,Thomas,24570.0,31677.0,7.0,3.0,0.2
29800195,1610612752,New York,Knicks,913,Larry,Johnson,0.0,5110.0,6.0,2.0,0.176
29800195,1610612752,New York,Knicks,913,Larry,Johnson,9440.0,20110.0,13.0,2.0,0.25
29800195,1610612752,New York,Knicks,913,Larry,Johnson,21600.0,24570.0,0.0,-7.0,0.556
29800020,1610612752,New York,Knicks,84,Latrell,Sprewell,0.0,4230.0,0.0,-9.0,0.143
29800020,1610612752,New York,Knicks,84,Latrell,Sprewell,6040.0,17860.0,1.0,-10.0,0.184
29800020,1610612752,New York,Knicks,84,Latrell,Sprewell,21133.0,28800.0,4.0,4.0,0.188
29800020,1610612752,New York,Knicks,121,Patrick,Ewing,0.0,5600.0,1.0,-7.0,0.19
29800020,1610612752,New York,Knicks,121,Patrick,Ewing,9180.0,19220.0,13.0,-7.0,0.326
29800020,1610612752,New York,Knicks,121,Patrick,Ewing,21133.0,28800.0,10.0,4.0,0.375
29800020,1610612752,New York,Knicks,164,Chris,Childs,5240.0,11080.0,2.0,6.0,0.095
29800020,1610612752,New York,Knicks,164,Chris,Childs,17860.0,26040.0,2.0,12.0,0.088
29800020,1610612752,New York,Knicks,164,Chris,Childs,28596.0,28800.0,0.0,-1.0,0.0
29800020,1610612752,New York,Knicks,201,Chris,Dudley,5600.0,9180.0,0.0,1.0,0.0
29800020,1610612752,New York,Knicks,275,Allan,Houston,0.0,8340.0,11.0,-4.0,0.233
29800020,1610612752,New York,Knicks,275,Allan,Houston,11080.0,23410.0,10.0,2.0,0.172
29800020,1610612752,New York,Knicks,275,Allan,Houston,26040.0,28800.0,0.0,-1.0,0.308
29800020,1610612752,New York,Knicks,369,Charlie,Ward,0.0,5240.0,0.0,-10.0,0.0
29800020,1610612752,New York,Knicks,369,Charlie,Ward,11080.0,21133.0,5.0,-4.0,0.109
29800020,1610612752,New York,Knicks,369,Charlie,Ward,23410.0,28800.0,0.0,-2.0,0.048
29800020,1610612752,New York,Knicks,703,Kurt,Thomas,4230.0,9180.0,4.0,3.0,0.368
29800020,1610612752,New York,Knicks,703,Kurt,Thomas,19220.0,24420.0,3.0,9.0,0.261
29800020,1610612752,New York,Knicks,913,Larry,Johnson,0.0,6040.0,6.0,-5.0,0.318
29800020,1610612752,New York,Knicks,913,Larry,Johnson,8340.0,11080.0,3.0,0.0,0.3
29800020,1610612752,New York,Knicks,913,Larry,Johnson,12430.0,21133.0,2.0,-2.0,0.2
29800020,1610612752,New York,Knicks,913,Larry,Johnson,24420.0,28596.0,2.0,1.0,0.067
29800020,1610612752,New York,Knicks,948,Marcus,Camby,9180.0,12430.0,0.0,0.0,0.286
29800636,1610612752,New York,Knicks,84,Latrell,Sprewell,4860.0,14400.0,5.0,-8.0,0.273
29800636,1610612752,New York,Knicks,84,Latrell,Sprewell,17360.0,28800.0,4.0,22.0,0.139
29800636,1610612752,New York,Knicks,164,Chris,Childs,6614.0,14400.0,0.0,-3.0,0.115
29800636,1610612752,New York,Knicks,164,Chris,Childs,15210.0,28800.0,8.0,18.0,0.146
29800636,1610612752,New York,Knicks,201,Chris,Dudley,0.0,4270.0,2.0,-4.0,0.2
29800636,1610612752,New York,Knicks,201,Chris,Dudley,9650.0,10660.0,0.0,0.0,0.0
29800636,1610612752,New York,Knicks,201,Chris,Dudley,14400.0,15210.0,0.0,-6.0,0.0
29800636,1610612752,New York,Knicks,201,Chris,Dudley,20050.0,20960.0,0.0,2.0,0.0
29800636,1610612752,New York,Knicks,201,Chris,Dudley,28599.0,28800.0,0.0,0.0,0.0
29800636,1610612752,New York,Knicks,275,Allan,Houston,0.0,4860.0,2.0,-2.0,0.412
29800636,1610612752,New York,Knicks,275,Allan,Houston,5630.0,7870.0,2.0,-3.0,0.1
29800636,1610612752,New York,Knicks,275,Allan,Houston,11320.0,20050.0,7.0,-10.0,0.357
29800636,1610612752,New York,Knicks,275,Allan,Houston,24240.0,28800.0,6.0,15.0,0.294
29800636,1610612752,New York,Knicks,369,Charlie,Ward,0.0,6614.0,4.0,-7.0,0.083
29800636,1610612752,New York,Knicks,369,Charlie,Ward,7870.0,11320.0,0.0,-1.0,0.111
29800636,1610612752,New York,Knicks,369,Charlie,Ward,14400.0,17360.0,0.0,-10.0,0.333
29800636,1610612752,New York,Knicks,369,Charlie,Ward,20050.0,24240.0,0.0,5.0,0.091
29800636,1610612752,New York,Knicks,703,Kurt,Thomas,0.0,7870.0,2.0,-7.0,0.172
29800636,1610612752,New York,Knicks,703,Kurt,Thomas,10660.0,20050.0,0.0,-10.0,0.1
29800636,1610612752,New York,Knicks,703,Kurt,Thomas,24240.0,27130.0,2.0,7.0,0.222
29800636,1610612752,New York,Knicks,913,Larry,Johnson,0.0,5630.0,6.0,-4.0,0.211
29800636,1610612752,New York,Knicks,913,Larry,Johnson,7870.0,9650.0,0.0,-1.0,0.2
29800636,1610612752,New York,Knicks,913,Larry,Johnson,11320.0,18580.0,8.0,-9.0,0.261
29800636,1610612752,New York,Knicks,913,Larry,Johnson,20960.0,24240.0,6.0,3.0,0.375
29800636,1610612752,New York,Knicks,913,Larry,Johnson,27130.0,28794.0,3.0,8.0,0.143
29800636,1610612752,New York,Knicks,948,Marcus,Camby,4270.0,11320.0,6.0,-4.0,0.174
29800636,1610612752,New York,Knicks,948,Marcus,Camby,18580.0,28599.0,9.0,19.0,0.188
29800636,1610612752,New York,Knicks,948,Marcus,Camby,28794.0,28800.0,0.0,0.0,0.0
29800714,1610612752,New York,Knicks,84,Latrell,Sprewell,3940.0,14400.0,9.0,5.0,0.263
29800714,1610612752,New York,Knicks,84,Latrell,Sprewell,18900.0,26120.0,9.0,-3.0,0.192
29800714,1610612752,New York,Knicks,201,Chris,Dudley,0.0,3940.0,0.0,3.0,0.0
29800714,1610612752,New York,Knicks,201,Chris,Dudley,10310.0,18900.0,2.0,5.0,0.152
29800714,1610612752,New York,Knicks,201,Chris,Dudley,22020.0,27190.0,2.0,5.0,0.222
29800714,1610612752,New York,Knicks,275,Allan,Houston,0.0,6616.0,5.0,5.0,0.333
29800714,1610612752,New York,Knicks,275,Allan,Houston,14400.0,21170.0,6.0,-5.0,0.269
29800714,1610612752,New York,Knicks,369,Charlie,Ward,0.0,7840.0,1.0,4.0,0.069
29800714,1610612752,New York,Knicks,369,Charlie,Ward,14400.0,22020.0,3.0,-5.0,0.133
29800714,1610612752,New York,Knicks,369,Charlie,Ward,26120.0,28800.0,3.0,7.0,0.083
29800714,1610612752,New York,Knicks,703,Kurt,Thomas,0.0,2090.0,4.0,7.0,0.429
29800714,1610612752,New York,Knicks,703,Kurt,Thomas,5160.0,10310.0,4.0,1.0,0.158
29800714,1610612752,New York,Knicks,703,Kurt,Thomas,14400.0,22020.0,12.0,-5.0,0.4
29800714,1610612752,New York,Knicks,766,David,Wingate,6616.0,14400.0,0.0,3.0,0.074
29800714,1610612752,New York,Knicks,766,David,Wingate,22020.0,28800.0,4.0,10.0,0.08
29800714,1610612752,New York,Knicks,913,Larry,Johnson,0.0,5160.0,9.0,3.0,0.389
29800714,1610612752,New York,Knicks,913,Larry,Johnson,14400.0,18900.0,2.0,1.0,0.056
29800714,1610612752,New York,Knicks,948,Marcus,Camby,2090.0,14400.0,16.0,1.0,0.25
29800714,1610612752,New York,Knicks,948,Marcus,Camby,18900.0,28800.0,6.0,4.0,0.162
29800714,1610612752,New York,Knicks,989,Ben,Davis,27190.0,28800.0,4.0,5.0,0.286
29800714,1610612752,New York,Knicks,1594,Rick,Brunson,7840.0,14400.0,0.0,4.0,0.091
29800714,1610612752,New York,Knicks,1594,Rick,Brunson,21170.0,28800.0,0.0,10.0,0.241
29800302,1610612752,New York,Knicks,84,Latrell,Sprewell,4710.0,14400.0,11.0,4.0,0.243
29800302,1610612752,New York,Knicks,84,Latrell,Sprewell,17690.0,28800.0,17.0,2.0,0.293
29800302,1610612752,New York,Knicks,164,Chris,Childs,4710.0,14400.0,12.0,4.0,0.216
29800302,1610612752,New York,Knicks,164,Chris,Childs,20070.0,28800.0,2.0,-4.0,0.152
29800302,1610612752,New York,Knicks,201,Chris,Dudley,0.0,5500.0,0.0,-1.0,0.053
29800302,1610612752,New York,Knicks,201,Chris,Dudley,11620.0,19640.0,6.0,9.0,0.148
29800302,1610612752,New York,Knicks,201,Chris,Dudley,21449.0,21600.0,0.0,0.0,0.0
29800302,1610612752,New York,Knicks,201,Chris,Dudley,22840.0,28479.0,0.0,0.0,0.143
29800302,1610612752,New York,Knicks,275,Allan,Houston,0.0,7200.0,6.0,5.0,0.2
29800302,1610612752,New York,Knicks,275,Allan,Houston,11620.0,20070.0,9.0,9.0,0.214
29800302,1610612752,New York,Knicks,275,Allan,Houston,21600.0,28800.0,7.0,-5.0,0.179
29800302,1610612752,New York,Knicks,369,Charlie,Ward,0.0,4710.0,3.0,1.0,0.313
29800302,1610612752,New York,Knicks,369,Charlie,Ward,7200.0,11620.0,0.0,-4.0,0.0
29800302,1610612752,New York,Knicks,369,Charlie,Ward,14400.0,21600.0,4.0,6.0,0.25
29800302,1610612752,New York,Knicks,369,Charlie,Ward,28479.0,28800.0,1.0,1.0,0.25
29800302,1610612752,New York,Knicks,703,Kurt,Thomas,0.0,8010.0,9.0,5.0,0.214
29800302,1610612752,New York,Knicks,703,Kurt,Thomas,14400.0,17690.0,0.0,-1.0,0.273
29800302,1610612752,New York,Knicks,703,Kurt,Thomas,21600.0,22840.0,0.0,-6.0,0.0
29800302,1610612752,New York,Knicks,913,Larry,Johnson,0.0,4710.0,4.0,1.0,0.25
29800302,1610612752,New York,Knicks,913,Larry,Johnson,8010.0,21449.0,12.0,6.0,0.184
29800302,1610612752,New York,Knicks,913,Larry,Johnson,22840.0,28800.0,5.0,1.0,0.167
29800302,1610612752,New York,Knicks,948,Marcus,Camby,5500.0,11620.0,0.0,2.0,0.269
29800302,1610612752,New York,Knicks,948,Marcus,Camby,19640.0,22840.0,0.0,-5.0,0.1
29800225,1610612752,New York,Knicks,84,Latrell,Sprewell,5020.0,13140.0,14.0,4.0,0.433
29800225,1610612752,New York,Knicks,84,Latrell,Sprewell,13901.0,14400.0,0.0,0.0,0.0
29800225,1610612752,New York,Knicks,84,Latrell,Sprewell,20040.0,28800.0,4.0,1.0,0.214
29800225,1610612752,New York,Knicks,121,Patrick,Ewing,0.0,6400.0,6.0,-2.0,0.296
29800225,1610612752,New York,Knicks,121,Patrick,Ewing,9900.0,20040.0,13.0,0.0,0.313
29800225,1610612752,New York,Knicks,121,Patrick,Ewing,21600.0,28632.0,5.0,4.0,0.273
29800225,1610612752,New York,Knicks,121,Patrick,Ewing,28720.0,28800.0,0.0,0.0,1.0
29800225,1610612752,New York,Knicks,164,Chris,Childs,5020.0,13901.0,4.0,6.0,0.063
29800225,1610612752,New York,Knicks,164,Chris,Childs,18340.0,28800.0,3.0,-1.0,0.125
29800225,1610612752,New York,Knicks,201,Chris,Dudley,6400.0,9900.0,0.0,0.0,0.0
29800225,1610612752,New York,Knicks,275,Allan,Houston,0.0,8220.0,2.0,0.0,0.273
29800225,1610612752,New York,Knicks,275,Allan,Houston,13140.0,21600.0,2.0,-8.0,0.115
29800225,1610612752,New York,Knicks,275,Allan,Houston,24870.0,28800.0,3.0,1.0,0.077
29800225,1610612752,New York,Knicks,369,Charlie,Ward,0.0,5020.0,0.0,1.0,0.095
29800225,1610612752,New York,Knicks,369,Charlie,Ward,8220.0,18340.0,0.0,0.0,0.114
29800225,1610612752,New York,Knicks,369,Charlie,Ward,21407.0,24870.0,2.0,1.0,0.25
29800225,1610612752,New York,Knicks,703,Kurt,Thomas,0.0,2400.0,2.0,1.0,0.125
29800225,1610612752,New York,Knicks,703,Kurt,Thomas,14400.0,21407.0,4.0,-10.0,0.318
29800225,1610612752,New York,Knicks,913,Larry,Johnson,0.0,5020.0,4.0,1.0,0.238
29800225,1610612752,New York,Knicks,913,Larry,Johnson,8220.0,20040.0,6.0,-2.0,0.103
29800225,1610612752,New York,Knicks,913,Larry,Johnson,24870.0,28800.0,2.0,1.0,0.077
29800225,1610612752,New York,Knicks,948,Marcus,Camby,2400.0,8220.0,4.0,-1.0,0.16
29800225,1610612752,New York,Knicks,948,Marcus,Camby,20040.0,24870.0,7.0,0.0,0.188
29800225,1610612752,New York,Knicks,948,Marcus,Camby,28632.0,28720.0,0.0,-2.0,0.0
29800248,1610612752,New York,Knicks,84,Latrell,Sprewell,2780.0,14400.0,13.0,0.0,0.205
29800248,1610612752,New York,Knicks,84,Latrell,Sprewell,17870.0,28800.0,4.0,-4.0,0.278
29800248,1610612752,New York,Knicks,121,Patrick,Ewing,0.0,290.0,0.0,0.0,0.0
29800248,1610612752,New York,Knicks,164,Chris,Childs,5460.0,11270.0,3.0,-1.0,0.174
29800248,1610612752,New York,Knicks,164,Chris,Childs,19140.0,28800.0,9.0,-5.0,0.219
29800248,1610612752,New York,Knicks,201,Chris,Dudley,290.0,8660.0,2.0,6.0,0.038
29800248,1610612752,New York,Knicks,201,Chris,Dudley,11890.0,14361.0,0.0,1.0,0.25
29800248,1610612752,New York,Knicks,201,Chris,Dudley,14400.0,17870.0,4.0,1.0,0.231
29800248,1610612752,New York,Knicks,275,Allan,Houston,0.0,7077.0,2.0,8.0,0.304
29800248,1610612752,New York,Knicks,275,Allan,Houston,11270.0,19140.0,8.0,4.0,0.207
29800248,1610612752,New York,Knicks,275,Allan,Houston,21071.0,28800.0,5.0,-4.0,0.222
29800248,1610612752,New York,Knicks,369,Charlie,Ward,0.0,5460.0,3.0,1.0,0.118
29800248,1610612752,New York,Knicks,369,Charlie,Ward,9340.0,21071.0,4.0,1.0,0.222
29800248,1610612752,New York,Knicks,369,Charlie,Ward,28766.0,28800.0,0.0,0.0,0.0
29800248,1610612752,New York,Knicks,703,Kurt,Thomas,0.0,2780.0,0.0,2.0,0.125
29800248,1610612752,New York,Knicks,703,Kurt,Thomas,8660.0,10190.0,0.0,-8.0,0.0
29800248,1610612752,New York,Knicks,703,Kurt,Thomas,14400.0,21071.0,0.0,1.0,0.0
29800248,1610612752,New York,Knicks,703,Kurt,Thomas,21600.0,24890.0,0.0,4.0,0.0
29800248,1610612752,New York,Knicks,703,Kurt,Thomas,27750.0,28766.0,0.0,-1.0,0.0
29800248,1610612752,New York,Knicks,913,Larry,Johnson,0.0,5460.0,6.0,1.0,0.294
29800248,1610612752,New York,Knicks,913,Larry,Johnson,10190.0,13807.0,2.0,6.0,0.067
29800248,1610612752,New York,Knicks,913,Larry,Johnson,14400.0,21600.0,7.0,1.0,0.32
29800248,1610612752,New York,Knicks,913,Larry,Johnson,24890.0,28800.0,4.0,-8.0,0.385
29800248,1610612752,New York,Knicks,948,Marcus,Camby,5460.0,11890.0,10.0,0.0,0.385
29800248,1610612752,New York,Knicks,948,Marcus,Camby,13807.0,14400.0,0.0,-2.0,0.0
29800248,1610612752,New York,Knicks,948,Marcus,Camby,21071.0,27750.0,0.0,-3.0,0.091
29800248,1610612752,New York,Knicks,1594,Rick,Brunson,7077.0,9340.0,0.0,-6.0,0.125
29800248,1610612752,New York,Knicks,1594,Rick,Brunson,14361.0,14400.0,0.0,0.0,0.0
29800154,1610612752,New York,Knicks,121,Patrick,Ewing,0.0,5560.0,2.0,-10.0,0.211
29800154,1610612752,New York,Knicks,121,Patrick,Ewing,7850.0,24180.0,11.0,12.0,0.193
29800154,1610612752,New York,Knicks,121,Patrick,Ewing,24950.0,31800.0,7.0,0.0,0.273
29800154,1610612752,New York,Knicks,164,Chris,Childs,3770.0,6954.0,6.0,-1.0,0.273
29800154,1610612752,New York,Knicks,164,Chris,Childs,7200.0,10530.0,2.0,-8.0,0.167
29800154,1610612752,New York,Knicks,164,Chris,Childs,21364.0,24590.0,2.0,-3.0,0.222
29800154,1610612752,New York,Knicks,164,Chris,Childs,28610.0,28800.0,0.0,-1.0,0.0
29800154,1610612752,New York,Knicks,164,Chris,Childs,31525.0,31754.0,0.0,3.0,0.0
29800154,1610612752,New York,Knicks,192,Dennis,Scott,7200.0,12230.0,2.0,-8.0,0.167
29800154,1610612752,New York,Knicks,192,Dennis,Scott,21600.0,24590.0,3.0,-5.0,0.25
29800154,1610612752,New York,Knicks,192,Dennis,Scott,28778.0,28800.0,0.0,0.0,0.0
29800154,1610612752,New York,Knicks,275,Allan,Houston,0.0,5560.0,2.0,-10.0,0.263
29800154,1610612752,New York,Knicks,275,Allan,Houston,9560.0,21600.0,17.0,18.0,0.311
29800154,1610612752,New York,Knicks,275,Allan,Houston,22640.0,31800.0,7.0,-5.0,0.172
29800154,1610612752,New York,Knicks,369,Charlie,Ward,0.0,3770.0,0.0,-6.0,0.0
29800154,1610612752,New York,Knicks,369,Charlie,Ward,5560.0,9560.0,5.0,-2.0,0.25
29800154,1610612752,New York,Knicks,369,Charlie,Ward,10530.0,22640.0,13.0,21.0,0.295
29800154,1610612752,New York,Knicks,369,Charlie,Ward,24590.0,31800.0,0.0,1.0,0.25
29800154,1610612752,New York,Knicks,703,Kurt,Thomas,0.0,4250.0,5.0,-8.0,0.267
29800154,1610612752,New York,Knicks,703,Kurt,Thomas,5560.0,7850.0,2.0,1.0,0.2
29800154,1610612752,New York,Knicks,703,Kurt,Thomas,12230.0,13210.0,2.0,2.0,0.25
29800154,1610612752,New York,Knicks,703,Kurt,Thomas,14400.0,19240.0,0.0,3.0,0.118
29800154,1610612752,New York,Knicks,703,Kurt,Thomas,24180.0,24950.0,0.0,-1.0,0.0
29800154,1610612752,New York,Knicks,766,David,Wingate,6954.0,7200.0,0.0,1.0,0.0
29800154,1610612752,New York,Knicks,913,Larry,Johnson,0.0,6954.0,4.0,-7.0,0.167
29800154,1610612752,New York,Knicks,913,Larry,Johnson,10530.0,21364.0,12.0,18.0,0.146
29800154,1610612752,New York,Knicks,913,Larry,Johnson,24590.0,28778.0,4.0,-1.0,0.2
29800154,1610612752,New York,Knicks,913,Larry,Johnson,28800.0,31800.0,2.0,2.0,0.111
29800154,1610612752,New York,Knicks,948,Marcus,Camby,4250.0,10530.0,0.0,-6.0,0.087
29800154,1610612752,New York,Knicks,948,Marcus,Camby,13210.0,14400.0,1.0,4.0,0.167
29800154,1610612752,New York,Knicks,948,Marcus,Camby,19240.0,21364.0,0.0,9.0,0.0
29800154,1610612752,New York,Knicks,948,Marcus,Camby,21600.0,28610.0,1.0,-5.0,0.095
29800154,1610612752,New York,Knicks,948,Marcus,Camby,28800.0,31525.0,3.0,-1.0,0.125
29800154,1610612752,New York,Knicks,948,Marcus,Camby,31754.0,31800.0,0.0,0.0,0.0
29800154,1610612752,New York,Knicks,1594,Rick,Brunson,6954.0,7200.0,0.0,1.0,0.0
29800154,1610612752,New York,Knicks,1594,Rick,Brunson,21364.0,21600.0,0.0,2.0,0.0
29800138,1610612752,New York,Knicks,121,Patrick,Ewing,0.0,4860.0,7.0,4.0,0.35
29800138,1610612752,New York,Knicks,121,Patrick,Ewing,8100.0,19360.0,7.0,3.0,0.325
29800138,1610612752,New York,Knicks,121,Patrick,Ewing,21600.0,28646.0,6.0,9.0,0.423
29800138,1610612752,New York,Knicks,164,Chris,Childs,5740.0,12760.0,4.0,-1.0,0.16
29800138,1610612752,New York,Knicks,164,Chris,Childs,19670.0,28800.0,7.0,12.0,0.147
29800138,1610612752,New York,Knicks,192,Dennis,Scott,6300.0,10120.0,0.0,-9.0,0.077
29800138,1610612752,New York,Knicks,192,Dennis,Scott,21525.0,24840.0,0.0,2.0,0.167
29800138,1610612752,New York,Knicks,201,Chris,Dudley,4860.0,8100.0,0.0,-7.0,0.091
29800138,1610612752,New York,Knicks,275,Allan,Houston,0.0,8100.0,2.0,-3.0,0.323
29800138,1610612752,New York,Knicks,275,Allan,Houston,12760.0,23160.0,9.0,-1.0,0.25
29800138,1610612752,New York,Knicks,275,Allan,Houston,26510.0,28800.0,3.0,5.0,0.091
29800138,1610612752,New York,Knicks,369,Charlie,Ward,0.0,5740.0,2.0,3.0,0.087
29800138,1610612752,New York,Knicks,369,Charlie,Ward,8100.0,19670.0,4.0,-1.0,0.122
29800138,1610612752,New York,Knicks,369,Charlie,Ward,21525.0,21600.0,0.0,2.0,0.0
29800138,1610612752,New York,Knicks,369,Charlie,Ward,23160.0,28646.0,4.0,9.0,0.19
29800138,1610612752,New York,Knicks,703,Kurt,Thomas,0.0,7200.0,4.0,-1.0,0.172
29800138,1610612752,New York,Knicks,703,Kurt,Thomas,9750.0,16890.0,0.0,9.0,0.077
29800138,1610612752,New York,Knicks,703,Kurt,Thomas,19360.0,21600.0,0.0,1.0,0.143
29800138,1610612752,New York,Knicks,913,Larry,Johnson,0.0,6300.0,4.0,3.0,0.154
29800138,1610612752,New York,Knicks,913,Larry,Johnson,10120.0,21525.0,7.0,5.0,0.154
29800138,1610612752,New York,Knicks,913,Larry,Johnson,24840.0,28800.0,2.0,7.0,0.056
29800138,1610612752,New York,Knicks,948,Marcus,Camby,7200.0,9750.0,1.0,-5.0,0.375
29800138,1610612752,New York,Knicks,948,Marcus,Camby,16890.0,21525.0,4.0,-4.0,0.214
29800138,1610612752,New York,Knicks,948,Marcus,Camby,21600.0,26510.0,4.0,2.0,0.167
29800138,1610612752,New York,Knicks,948,Marcus,Camby,28646.0,28800.0,0.0,-2.0,0.0
29800138,1610612752,New York,Knicks,1594,Rick,Brunson,28646.0,28800.0,1.0,-2.0,0.5
29800520,1610612752,New York,Knicks,84,Latrell,Sprewell,4610.0,14400.0,6.0,6.0,0.188
29800520,1610612752,New York,Knicks,84,Latrell,Sprewell,19340.0,28475.0,6.0,-1.0,0.212
29800520,1610612752,New York,Knicks,121,Patrick,Ewing,0.0,8070.0,10.0,3.0,0.333
29800520,1610612752,New York,Knicks,121,Patrick,Ewing,11870.0,21248.0,5.0,6.0,0.297
29800520,1610612752,New York,Knicks,121,Patrick,Ewing,24320.0,26970.0,0.0,4.0,0.25
29800520,1610612752,New York,Knicks,164,Chris,Childs,3880.0,14400.0,0.0,3.0,0.118
29800520,1610612752,New York,Knicks,164,Chris,Childs,20050.0,27830.0,0.0,3.0,0.074
29800520,1610612752,New York,Knicks,201,Chris,Dudley,8070.0,11870.0,0.0,4.0,0.0
29800520,1610612752,New York,Knicks,201,Chris,Dudley,21248.0,21563.0,0.0,-2.0,0.0
29800520,1610612752,New York,Knicks,201,Chris,Dudley,21600.0,24320.0,2.0,1.0,0.125
29800520,1610612752,New York,Knicks,201,Chris,Dudley,28475.0,28800.0,0.0,2.0,0.0
29800520,1610612752,New York,Knicks,275,Allan,Houston,0.0,8070.0,9.0,3.0,0.233
29800520,1610612752,New York,Knicks,275,Allan,Houston,14270.0,24320.0,4.0,1.0,0.154
29800520,1610612752,New York,Knicks,275,Allan,Houston,26970.0,28800.0,0.0,-3.0,0.111
29800520,1610612752,New York,Knicks,369,Charlie,Ward,0.0,3880.0,0.0,10.0,0.063
29800520,1610612752,New York,Knicks,369,Charlie,Ward,14270.0,20050.0,3.0,0.0,0.083
29800520,1610612752,New York,Knicks,369,Charlie,Ward,21563.0,21600.0,0.0,2.0,0.0
29800520,1610612752,New York,Knicks,369,Charlie,Ward,27830.0,28475.0,0.0,-3.0,0.0
29800520,1610612752,New York,Knicks,703,Kurt,Thomas,0.0,7200.0,5.0,1.0,0.143
29800520,1610612752,New York,Knicks,703,Kurt,Thomas,14400.0,19340.0,0.0,1.0,0.105
29800520,1610612752,New York,Knicks,766,David,Wingate,14110.0,14270.0,0.0,-2.0,0.0
29800520,1610612752,New York,Knicks,766,David,Wingate,28475.0,28800.0,2.0,2.0,0.333
29800520,1610612752,New York,Knicks,913,Larry,Johnson,0.0,4610.0,2.0,7.0,0.111
29800520,1610612752,New York,Knicks,913,Larry,Johnson,8070.0,14110.0,10.0,12.0,0.316
29800520,1610612752,New York,Knicks,913,Larry,Johnson,14400.0,19340.0,2.0,1.0,0.368
29800520,1610612752,New York,Knicks,913,Larry,Johnson,24320.0,28800.0,8.0,1.0,0.235
29800520,1610612752,New York,Knicks,948,Marcus,Camby,7200.0,14270.0,13.0,12.0,0.381
29800520,1610612752,New York,Knicks,948,Marcus,Camby,19340.0,28475.0,6.0,-1.0,0.242
29800520,1610612752,New York,Knicks,989,Ben,Davis,28475.0,28800.0,0.0,2.0,0.333
29800234,1610612752,New York,Knicks,84,Latrell,Sprewell,5940.0,14400.0,3.0,5.0,0.125
29800234,1610612752,New York,Knicks,84,Latrell,Sprewell,20440.0,28800.0,2.0,0.0,0.2
29800234,1610612752,New York,Knicks,121,Patrick,Ewing,0.0,7840.0,4.0,4.0,0.179
29800234,1610612752,New York,Knicks,121,Patrick,Ewing,12170.0,21600.0,21.0,1.0,0.452
29800234,1610612752,New York,Knicks,121,Patrick,Ewing,23740.0,28800.0,5.0,4.0,0.263
29800234,1610612752,New York,Knicks,164,Chris,Childs,5210.0,14400.0,3.0,5.0,0.077
29800234,1610612752,New York,Knicks,164,Chris,Childs,19230.0,28800.0,12.0,1.0,0.206
29800234,1610612752,New York,Knicks,201,Chris,Dudley,7840.0,12170.0,0.0,8.0,0.143
29800234,1610612752,New York,Knicks,275,Allan,Houston,0.0,10420.0,11.0,11.0,0.216
29800234,1610612752,New York,Knicks,275,Allan,Houston,14400.0,22840.0,4.0,-3.0,0.161
29800234,1610612752,New York,Knicks,275,Allan,Houston,25210.0,28800.0,2.0,8.0,0.071
29800234,1610612752,New York,Knicks,369,Charlie,Ward,0.0,5210.0,3.0,6.0,0.19
29800234,1610612752,New York,Knicks,369,Charlie,Ward,10420.0,19230.0,5.0,-1.0,0.222
29800234,1610612752,New York,Knicks,369,Charlie,Ward,22840.0,25210.0,0.0,-5.0,0.143
29800234,1610612752,New York,Knicks,703,Kurt,Thomas,0.0,5210.0,6.0,6.0,0.333
29800234,1610612752,New York,Knicks,703,Kurt,Thomas,13936.0,19520.0,2.0,-7.0,0.263
29800234,1610612752,New York,Knicks,703,Kurt,Thomas,20440.0,22840.0,0.0,-3.0,0.0
29800234,1610612752,New York,Knicks,913,Larry,Johnson,0.0,5940.0,6.0,6.0,0.13
29800234,1610612752,New York,Knicks,913,Larry,Johnson,10420.0,13936.0,2.0,5.0,0.222
29800234,1610612752,New York,Knicks,913,Larry,Johnson,14400.0,20440.0,0.0,0.0,0.048
29800234,1610612752,New York,Knicks,913,Larry,Johnson,22840.0,28800.0,4.0,3.0,0.143
29800234,1610612752,New York,Knicks,948,Marcus,Camby,5210.0,10420.0,2.0,5.0,0.313
29800234,1610612752,New York,Knicks,948,Marcus,Camby,19520.0,20440.0,0.0,2.0,0.0
29800234,1610612752,New York,Knicks,948,Marcus,Camby,21600.0,23740.0,0.0,-6.0,0.143
29800477,1610612752,New York,Knicks,84,Latrell,Sprewell,4740.0,14400.0,6.0,6.0,0.189
29800477,1610612752,New York,Knicks,84,Latrell,Sprewell,15880.0,25880.0,0.0,-12.0,0.189
29800477,1610612752,New York,Knicks,84,Latrell,Sprewell,27190.0,28800.0,0.0,-2.0,0.0
29800477,1610612752,New York,Knicks,121,Patrick,Ewing,0.0,6850.0,12.0,5.0,0.4
29800477,1610612752,New York,Knicks,121,Patrick,Ewing,10070.0,28800.0,16.0,-13.0,0.292
29800477,1610612752,New York,Knicks,164,Chris,Childs,5650.0,12390.0,5.0,-2.0,0.182
29800477,1610612752,New York,Knicks,164,Chris,Childs,18600.0,28800.0,8.0,-6.0,0.175
29800477,1610612752,New York,Knicks,201,Chris,Dudley,6850.0,12010.0,4.0,0.0,0.118
29800477,1610612752,New York,Knicks,201,Chris,Dudley,18600.0,19170.0,0.0,-2.0,0.0
29800477,1610612752,New York,Knicks,275,Allan,Houston,0.0,8420.0,8.0,10.0,0.29
29800477,1610612752,New York,Knicks,275,Allan,Houston,12010.0,23730.0,6.0,-3.0,0.239
29800477,1610612752,New York,Knicks,275,Allan,Houston,25880.0,28800.0,0.0,-6.0,0.231
29800477,1610612752,New York,Knicks,369,Charlie,Ward,0.0,5650.0,0.0,7.0,0.238
29800477,1610612752,New York,Knicks,369,Charlie,Ward,12390.0,18600.0,0.0,-8.0,0.12
29800477,1610612752,New York,Knicks,369,Charlie,Ward,23730.0,27190.0,0.0,-9.0,0.0
29800477,1610612752,New York,Knicks,369,Charlie,Ward,27650.0,28800.0,0.0,0.0,0.286
29800477,1610612752,New York,Knicks,703,Kurt,Thomas,0.0,10070.0,0.0,4.0,0.056
29800477,1610612752,New York,Knicks,703,Kurt,Thomas,14400.0,18600.0,2.0,-14.0,0.133
29800477,1610612752,New York,Knicks,703,Kurt,Thomas,25880.0,27190.0,0.0,-4.0,0.2
29800477,1610612752,New York,Knicks,913,Larry,Johnson,0.0,4740.0,1.0,5.0,0.063
29800477,1610612752,New York,Knicks,913,Larry,Johnson,8420.0,15880.0,2.0,-1.0,0.148
29800477,1610612752,New York,Knicks,913,Larry,Johnson,19170.0,25880.0,2.0,2.0,0.2
29800477,1610612752,New York,Knicks,913,Larry,Johnson,27190.0,27650.0,0.0,-2.0,0.0
29800642,1610612752,New York,Knicks,84,Latrell,Sprewell,4140.0,14400.0,12.0,8.0,0.324
29800642,1610612752,New York,Knicks,84,Latrell,Sprewell,17910.0,28800.0,9.0,-3.0,0.316
29800642,1610612752,New York,Knicks,164,Chris,Childs,6070.0,14400.0,2.0,4.0,0.129
29800642,1610612752,New York,Knicks,164,Chris,Childs,19480.0,28800.0,7.0,-5.0,0.212
29800642,1610612752,New York,Knicks,201,Chris,Dudley,0.0,8620.0,5.0,10.0,0.133
29800642,1610612752,New York,Knicks,201,Chris,Dudley,10320.0,17910.0,2.0,1.0,0.071
29800642,1610612752,New York,Knicks,275,Allan,Houston,0.0,4140.0,6.0,5.0,0.429
29800642,1610612752,New York,Knicks,275,Allan,Houston,10230.0,12270.0,0.0,5.0,0.0
29800642,1610612752,New York,Knicks,275,Allan,Houston,14400.0,19580.0,5.0,-3.0,0.188
29800642,1610612752,New York,Knicks,275,Allan,Houston,22650.0,25610.0,4.0,2.0,0.273
29800642,1610612752,New York,Knicks,275,Allan,Houston,26910.0,28150.0,0.0,-3.0,0.25
29800642,1610612752,New York,Knicks,369,Charlie,Ward,0.0,6070.0,9.0,9.0,0.143
29800642,1610612752,New York,Knicks,369,Charlie,Ward,7820.0,10230.0,0.0,-4.0,0.222
29800642,1610612752,New York,Knicks,369,Charlie,Ward,12270.0,19480.0,4.0,-1.0,0.174
29800642,1610612752,New York,Knicks,369,Charlie,Ward,19580.0,22650.0,2.0,1.0,0.111
29800642,1610612752,New York,Knicks,369,Charlie,Ward,28150.0,28800.0,0.0,4.0,0.0
29800642,1610612752,New York,Knicks,703,Kurt,Thomas,0.0,5830.0,2.0,9.0,0.158
29800642,1610612752,New York,Knicks,703,Kurt,Thomas,8620.0,9690.0,2.0,0.0,0.333
29800642,1610612752,New York,Knicks,703,Kurt,Thomas,14400.0,16920.0,0.0,-1.0,0.25
29800642,1610612752,New York,Knicks,703,Kurt,Thomas,22650.0,27770.0,2.0,-6.0,0.111
29800642,1610612752,New York,Knicks,913,Larry,Johnson,0.0,7820.0,0.0,12.0,0.111
29800642,1610612752,New York,Knicks,913,Larry,Johnson,9690.0,22650.0,11.0,1.0,0.326
29800642,1610612752,New York,Knicks,913,Larry,Johnson,25610.0,28800.0,1.0,-6.0,0.154
29800642,1610612752,New York,Knicks,948,Marcus,Camby,5830.0,10320.0,0.0,0.0,0.125
29800642,1610612752,New York,Knicks,948,Marcus,Camby,16920.0,26910.0,6.0,-6.0,0.091
29800642,1610612752,New York,Knicks,948,Marcus,Camby,27770.0,28800.0,0.0,2.0,0.0
29800665,1610612752,New York,Knicks,84,Latrell,Sprewell,3740.0,14400.0,17.0,6.0,0.316
29800665,1610612752,New York,Knicks,84,Latrell,Sprewell,18210.0,28800.0,13.0,12.0,0.265
29800665,1610612752,New York,Knicks,121,Patrick,Ewing,0.0,4520.0,0.0,-4.0,0.105
29800665,1610612752,New York,Knicks,121,Patrick,Ewing,10590.0,18730.0,6.0,8.0,0.222
29800665,1610612752,New York,Knicks,201,Chris,Dudley,5730.0,10590.0,2.0,6.0,0.053
29800665,1610612752,New York,Knicks,201,Chris,Dudley,18730.0,28800.0,1.0,12.0,0.091
29800665,1610612752,New York,Knicks,275,Allan,Houston,0.0,5920.0,4.0,-13.0,0.25
29800665,1610612752,New York,Knicks,275,Allan,Houston,9840.0,22300.0,12.0,15.0,0.214
29800665,1610612752,New York,Knicks,275,Allan,Houston,23940.0,28800.0,6.0,5.0,0.313
29800665,1610612752,New York,Knicks,369,Charlie,Ward,0.0,8870.0,4.0,-7.0,0.229
29800665,1610612752,New York,Knicks,369,Charlie,Ward,12240.0,21600.0,3.0,12.0,0.212
29800665,1610612752,New York,Knicks,369,Charlie,Ward,24980.0,28800.0,6.0,3.0,0.154
29800665,1610612752,New York,Knicks,703,Kurt,Thomas,0.0,5730.0,2.0,-11.0,0.217
29800665,1610612752,New York,Knicks,703,Kurt,Thomas,14400.0,20950.0,0.0,4.0,0.19
29800665,1610612752,New York,Knicks,703,Kurt,Thomas,21166.0,23940.0,0.0,2.0,0.111
29800665,1610612752,New York,Knicks,913,Larry,Johnson,0.0,3740.0,2.0,-4.0,0.125
29800665,1610612752,New York,Knicks,913,Larry,Johnson,5920.0,18210.0,2.0,16.0,0.14
29800665,1610612752,New York,Knicks,913,Larry,Johnson,22300.0,28800.0,2.0,5.0,0.19
29800665,1610612752,New York,Knicks,948,Marcus,Camby,4520.0,9840.0,2.0,-1.0,0.263
29800665,1610612752,New York,Knicks,948,Marcus,Camby,20950.0,21166.0,0.0,2.0,0.0
29800665,1610612752,New York,Knicks,1594,Rick,Brunson,8870.0,12240.0,1.0,3.0,0.091
29800665,1610612752,New York,Knicks,1594,Rick,Brunson,21600.0,24980.0,0.0,4.0,0.0
29800180,1610612752,New York,Knicks,121,Patrick,Ewing,0.0,5840.0,0.0,5.0,0.048
29800180,1610612752,New York,Knicks,121,Patrick,Ewing,9390.0,20190.0,6.0,-20.0,0.27
29800180,1610612752,New York,Knicks,164,Chris,Childs,5840.0,11560.0,0.0,-11.0,0.174
29800180,1610612752,New York,Knicks,164,Chris,Childs,12400.0,14400.0,3.0,1.0,0.167
29800180,1610612752,New York,Knicks,164,Chris,Childs,18950.0,28800.0,2.0,-1.0,0.171
29800180,1610612752,New York,Knicks,192,Dennis,Scott,9410.0,12400.0,0.0,-7.0,0.083
29800180,1610612752,New York,Knicks,201,Chris,Dudley,5840.0,9390.0,0.0,-8.0,0.071
29800180,1610612752,New York,Knicks,201,Chris,Dudley,14372.0,14400.0,0.0,0.0,0.0
29800180,1610612752,New York,Knicks,201,Chris,Dudley,23090.0,28800.0,0.0,3.0,0.182
29800180,1610612752,New York,Knicks,275,Allan,Houston,0.0,8810.0,6.0,-1.0,0.219
29800180,1610612752,New York,Knicks,275,Allan,Houston,11560.0,14372.0,2.0,-3.0,0.111
29800180,1610612752,New York,Knicks,275,Allan,Houston,14400.0,19490.0,0.0,-11.0,0.235
29800180,1610612752,New York,Knicks,275,Allan,Houston,20450.0,24630.0,5.0,2.0,0.25
29800180,1610612752,New York,Knicks,369,Charlie,Ward,0.0,5840.0,4.0,5.0,0.19
29800180,1610612752,New York,Knicks,369,Charlie,Ward,8810.0,18950.0,6.0,-19.0,0.206
29800180,1610612752,New York,Knicks,703,Kurt,Thomas,0.0,4290.0,2.0,1.0,0.267
29800180,1610612752,New York,Knicks,703,Kurt,Thomas,14400.0,18950.0,3.0,-11.0,0.267
29800180,1610612752,New York,Knicks,703,Kurt,Thomas,20190.0,24630.0,1.0,1.0,0.25
29800180,1610612752,New York,Knicks,766,David,Wingate,19490.0,28800.0,4.0,-1.0,0.125
29800180,1610612752,New York,Knicks,913,Larry,Johnson,0.0,9410.0,10.0,-3.0,0.371
29800180,1610612752,New York,Knicks,913,Larry,Johnson,12040.0,20450.0,2.0,-16.0,0.074
29800180,1610612752,New York,Knicks,948,Marcus,Camby,4290.0,12040.0,2.0,-9.0,0.103
29800180,1610612752,New York,Knicks,948,Marcus,Camby,18950.0,23090.0,2.0,-4.0,0.154
29800180,1610612752,New York,Knicks,1006,Herb,Williams,24630.0,28800.0,4.0,1.0,0.167
29800180,1610612752,New York,Knicks,1594,Rick,Brunson,24630.0,28800.0,4.0,1.0,0.444
29800106,1610612752,New York,Knicks,121,Patrick,Ewing,0.0,4460.0,2.0,10.0,0.188
29800106,1610612752,New York,Knicks,121,Patrick,Ewing,8030.0,14161.0,5.0,6.0,0.25
29800106,1610612752,New York,Knicks,121,Patrick,Ewing,14400.0,21194.0,0.0,2.0,0.091
29800106,1610612752,New York,Knicks,121,Patrick,Ewing,23290.0,28339.0,4.0,-2.0,0.438
29800106,1610612752,New York,Knicks,164,Chris,Childs,4930.0,14161.0,2.0,6.0,0.143
29800106,1610612752,New York,Knicks,164,Chris,Childs,19780.0,23830.0,3.0,-3.0,0.167
29800106,1610612752,New York,Knicks,192,Dennis,Scott,8320.0,14400.0,3.0,5.0,0.053
29800106,1610612752,New York,Knicks,192,Dennis,Scott,23290.0,28800.0,0.0,-4.0,0.111
29800106,1610612752,New York,Knicks,201,Chris,Dudley,4460.0,8030.0,0.0,-2.0,0.1
29800106,1610612752,New York,Knicks,275,Allan,Houston,0.0,5230.0,3.0,9.0,0.056
29800106,1610612752,New York,Knicks,275,Allan,Houston,10230.0,21600.0,18.0,2.0,0.378
29800106,1610612752,New York,Knicks,275,Allan,Houston,23830.0,28339.0,4.0,0.0,0.333
29800106,1610612752,New York,Knicks,369,Charlie,Ward,0.0,4930.0,0.0,8.0,0.0
29800106,1610612752,New York,Knicks,369,Charlie,Ward,7200.0,10230.0,0.0,1.0,0.111
29800106,1610612752,New York,Knicks,369,Charlie,Ward,14161.0,19780.0,3.0,2.0,0.053
29800106,1610612752,New York,Knicks,369,Charlie,Ward,21600.0,28800.0,0.0,-2.0,0.043
29800106,1610612752,New York,Knicks,703,Kurt,Thomas,0.0,7200.0,9.0,10.0,0.375
29800106,1610612752,New York,Knicks,703,Kurt,Thomas,14161.0,19780.0,2.0,2.0,0.316
29800106,1610612752,New York,Knicks,703,Kurt,Thomas,21194.0,28800.0,3.0,-4.0,0.125
29800106,1610612752,New York,Knicks,766,David,Wingate,5230.0,7200.0,0.0,1.0,0.167
29800106,1610612752,New York,Knicks,766,David,Wingate,28339.0,28800.0,0.0,-2.0,0.5
29800106,1610612752,New York,Knicks,913,Larry,Johnson,0.0,8320.0,7.0,8.0,0.296
29800106,1610612752,New York,Knicks,913,Larry,Johnson,14400.0,23290.0,5.0,2.0,0.143
29800106,1610612752,New York,Knicks,948,Marcus,Camby,7200.0,14400.0,3.0,3.0,0.227
29800106,1610612752,New York,Knicks,948,Marcus,Camby,19780.0,23290.0,2.0,-1.0,0.182
29800106,1610612752,New York,Knicks,1594,Rick,Brunson,28339.0,28800.0,0.0,-2.0,0.0
29800490,1610612752,New York,Knicks,84,Latrell,Sprewell,3850.0,14400.0,6.0,-12.0,0.333
29800490,1610612752,New York,Knicks,84,Latrell,Sprewell,16180.0,28800.0,7.0,-5.0,0.184
29800490,1610612752,New York,Knicks,121,Patrick,Ewing,0.0,5580.0,3.0,-10.0,0.136
29800490,1610612752,New York,Knicks,121,Patrick,Ewing,10050.0,18690.0,14.0,4.0,0.333
29800490,1610612752,New York,Knicks,164,Chris,Childs,3850.0,14400.0,2.0,-12.0,0.061
29800490,1610612752,New York,Knicks,164,Chris,Childs,18400.0,24140.0,0.0,-2.0,0.053
29800490,1610612752,New York,Knicks,201,Chris,Dudley,5580.0,10050.0,0.0,-12.0,0.059
29800490,1610612752,New York,Knicks,275,Allan,Houston,0.0,3850.0,1.0,-8.0,0.294
29800490,1610612752,New York,Knicks,275,Allan,Houston,5580.0,10050.0,2.0,-12.0,0.118
29800490,1610612752,New York,Knicks,275,Allan,Houston,14214.0,19810.0,2.0,-3.0,0.16
29800490,1610612752,New York,Knicks,369,Charlie,Ward,0.0,3850.0,0.0,-8.0,0.235
29800490,1610612752,New York,Knicks,369,Charlie,Ward,10050.0,14214.0,4.0,0.0,0.25
29800490,1610612752,New York,Knicks,369,Charlie,Ward,14400.0,18400.0,0.0,2.0,0.059
29800490,1610612752,New York,Knicks,369,Charlie,Ward,24140.0,28800.0,2.0,-4.0,0.238
29800490,1610612752,New York,Knicks,703,Kurt,Thomas,0.0,7200.0,6.0,-17.0,0.222
29800490,1610612752,New York,Knicks,703,Kurt,Thomas,14400.0,25630.0,11.0,-5.0,0.238
29800490,1610612752,New York,Knicks,766,David,Wingate,19810.0,28800.0,2.0,1.0,0.118
29800490,1610612752,New York,Knicks,913,Larry,Johnson,0.0,5580.0,2.0,-10.0,0.182
29800490,1610612752,New York,Knicks,913,Larry,Johnson,7200.0,16180.0,8.0,-2.0,0.258
29800490,1610612752,New York,Knicks,913,Larry,Johnson,18690.0,24410.0,6.0,-1.0,0.2
29800490,1610612752,New York,Knicks,989,Ben,Davis,24410.0,28800.0,2.0,-5.0,0.316
29800490,1610612752,New York,Knicks,1006,Herb,Williams,25630.0,28800.0,2.0,1.0,0.133
29800002,1610612752,New York,Knicks,84,Latrell,Sprewell,0.0,3620.0,2.0,0.0,0.143
29800002,1610612752,New York,Knicks,84,Latrell,Sprewell,5590.0,12030.0,5.0,-5.0,0.304
29800002,1610612752,New York,Knicks,84,Latrell,Sprewell,14400.0,19750.0,6.0,0.0,0.278
29800002,1610612752,New York,Knicks,84,Latrell,Sprewell,20520.0,24080.0,0.0,-12.0,0.25
29800002,1610612752,New York,Knicks,84,Latrell,Sprewell,26500.0,28800.0,11.0,6.0,0.5
29800002,1610612752,New York,Knicks,121,Patrick,Ewing,0.0,5590.0,3.0,0.0,0.19
29800002,1610612752,New York,Knicks,121,Patrick,Ewing,9180.0,19000.0,6.0,0.0,0.25
29800002,1610612752,New York,Knicks,121,Patrick,Ewing,21297.0,28800.0,8.0,7.0,0.231
29800002,1610612752,New York,Knicks,164,Chris,Childs,4650.0,10710.0,2.0,-8.0,0.048
29800002,1610612752,New York,Knicks,164,Chris,Childs,19000.0,26500.0,2.0,-12.0,0.174
29800002,1610612752,New York,Knicks,192,Dennis,Scott,21416.0,25370.0,0.0,-2.0,0.182
29800002,1610612752,New York,Knicks,192,Dennis,Scott,28458.0,28800.0,0.0,0.0,0.0
29800002,1610612752,New York,Knicks,201,Chris,Dudley,5590.0,10150.0,4.0,-4.0,0.176
29800002,1610612752,New York,Knicks,201,Chris,Dudley,19000.0,21297.0,1.0,-13.0,0.25
29800002,1610612752,New York,Knicks,275,Allan,Houston,0.0,5590.0,2.0,0.0,0.286
29800002,1610612752,New York,Knicks,275,Allan,Houston,7200.0,10710.0,2.0,-8.0,0.25
29800002,1610612752,New York,Knicks,275,Allan,Houston,12030.0,20520.0,6.0,-4.0,0.29
29800002,1610612752,New York,Knicks,275,Allan,Houston,21600.0,28800.0,2.0,7.0,0.12
29800002,1610612752,New York,Knicks,369,Charlie,Ward,0.0,4650.0,2.0,2.0,0.111
29800002,1610612752,New York,Knicks,369,Charlie,Ward,10710.0,19000.0,0.0,4.0,0.156
29800002,1610612752,New York,Knicks,369,Charlie,Ward,19750.0,21600.0,0.0,-13.0,0.167
29800002,1610612752,New York,Knicks,369,Charlie,Ward,24080.0,28800.0,4.0,13.0,0.167
29800002,1610612752,New York,Knicks,703,Kurt,Thomas,3620.0,9180.0,5.0,-2.0,0.19
29800002,1610612752,New York,Knicks,703,Kurt,Thomas,10710.0,14400.0,2.0,4.0,0.063
29800002,1610612752,New York,Knicks,703,Kurt,Thomas,19600.0,21416.0,0.0,-13.0,0.167
29800002,1610612752,New York,Knicks,913,Larry,Johnson,0.0,7200.0,4.0,2.0,0.185
29800002,1610612752,New York,Knicks,913,Larry,Johnson,10150.0,14208.0,6.0,2.0,0.188
29800002,1610612752,New York,Knicks,913,Larry,Johnson,14400.0,19600.0,0.0,0.0,0.056
29800002,1610612752,New York,Knicks,913,Larry,Johnson,25370.0,28458.0,0.0,9.0,0.0
29800002,1610612752,New York,Knicks,948,Marcus,Camby,14208.0,14400.0,0.0,0.0,0.0
29800571,1610612752,New York,Knicks,84,Latrell,Sprewell,4060.0,14400.0,8.0,-2.0,0.256
29800571,1610612752,New York,Knicks,84,Latrell,Sprewell,16270.0,28800.0,14.0,7.0,0.244
29800571,1610612752,New York,Knicks,121,Patrick,Ewing,0.0,4330.0,0.0,-10.0,0.385
29800571,1610612752,New York,Knicks,121,Patrick,Ewing,7610.0,21600.0,13.0,8.0,0.25
29800571,1610612752,New York,Knicks,121,Patrick,Ewing,24840.0,28800.0,1.0,2.0,0.071
29800571,1610612752,New York,Knicks,164,Chris,Childs,6280.0,8190.0,0.0,-7.0,0.25
29800571,1610612752,New York,Knicks,164,Chris,Childs,18980.0,28715.0,5.0,9.0,0.156
29800571,1610612752,New York,Knicks,201,Chris,Dudley,4330.0,7125.0,3.0,-5.0,0.25
29800571,1610612752,New York,Knicks,201,Chris,Dudley,7200.0,7610.0,0.0,-2.0,0.0
29800571,1610612752,New York,Knicks,275,Allan,Houston,0.0,6923.0,2.0,-15.0,0.28
29800571,1610612752,New York,Knicks,275,Allan,Houston,7125.0,7200.0,1.0,1.0,1.0
29800571,1610612752,New York,Knicks,275,Allan,Houston,8190.0,22600.0,9.0,11.0,0.184
29800571,1610612752,New York,Knicks,275,Allan,Houston,26390.0,28800.0,5.0,2.0,0.2
29800571,1610612752,New York,Knicks,369,Charlie,Ward,0.0,6280.0,3.0,-14.0,0.091
29800571,1610612752,New York,Knicks,369,Charlie,Ward,8190.0,18980.0,0.0,8.0,0.077
29800571,1610612752,New York,Knicks,369,Charlie,Ward,28090.0,28457.0,0.0,3.0,0.0
29800571,1610612752,New York,Knicks,369,Charlie,Ward,28688.0,28800.0,1.0,2.0,0.5
29800571,1610612752,New York,Knicks,703,Kurt,Thomas,0.0,4060.0,0.0,-10.0,0.0
29800571,1610612752,New York,Knicks,703,Kurt,Thomas,15070.0,18980.0,5.0,-2.0,0.313
29800571,1610612752,New York,Knicks,703,Kurt,Thomas,21600.0,26860.0,5.0,1.0,0.211
29800571,1610612752,New York,Knicks,913,Larry,Johnson,0.0,4060.0,0.0,-10.0,0.077
29800571,1610612752,New York,Knicks,913,Larry,Johnson,6923.0,13210.0,7.0,1.0,0.217
29800571,1610612752,New York,Knicks,913,Larry,Johnson,14400.0,16270.0,3.0,2.0,0.2
29800571,1610612752,New York,Knicks,913,Larry,Johnson,22600.0,26390.0,5.0,5.0,0.231
29800571,1610612752,New York,Knicks,913,Larry,Johnson,26860.0,28090.0,0.0,1.0,0.0
29800571,1610612752,New York,Knicks,948,Marcus,Camby,4060.0,8190.0,0.0,-11.0,0.111
29800571,1610612752,New York,Knicks,948,Marcus,Camby,13210.0,15070.0,0.0,3.0,0.0
29800571,1610612752,New York,Knicks,948,Marcus,Camby,18980.0,24840.0,0.0,8.0,0.211
29800571,1610612752,New York,Knicks,948,Marcus,Camby,28457.0,28688.0,0.0,-2.0,0.0
29800571,1610612752,New York,Knicks,948,Marcus,Camby,28715.0,28800.0,0.0,1.0,0.0
29800351,1610612752,New York,Knicks,84,Latrell,Sprewell,3680.0,14400.0,6.0,-1.0,0.179
29800351,1610612752,New York,Knicks,84,Latrell,Sprewell,17680.0,31800.0,3.0,-2.0,0.174
29800351,1610612752,New York,Knicks,121,Patrick,Ewing,0.0,6788.0,4.0,-3.0,0.25
29800351,1610612752,New York,Knicks,121,Patrick,Ewing,10800.0,17680.0,4.0,1.0,0.185
29800351,1610612752,New York,Knicks,121,Patrick,Ewing,19540.0,31800.0,13.0,-1.0,0.325
29800351,1610612752,New York,Knicks,164,Chris,Childs,5320.0,13929.0,6.0,0.0,0.133
29800351,1610612752,New York,Knicks,164,Chris,Childs,19540.0,31800.0,6.0,-1.0,0.125
29800351,1610612752,New York,Knicks,201,Chris,Dudley,6788.0,10800.0,2.0,0.0,0.214
29800351,1610612752,New York,Knicks,201,Chris,Dudley,31715.0,31724.0,0.0,-2.0,0.0
29800351,1610612752,New York,Knicks,275,Allan,Houston,0.0,7490.0,2.0,-4.0,0.185
29800351,1610612752,New York,Knicks,275,Allan,Houston,11710.0,22370.0,15.0,8.0,0.342
29800351,1610612752,New York,Knicks,275,Allan,Houston,27240.0,31800.0,0.0,-6.0,0.125
29800351,1610612752,New York,Knicks,369,Charlie,Ward,0.0,5320.0,0.0,0.0,0.1
29800351,1610612752,New York,Knicks,369,Charlie,Ward,7490.0,11710.0,0.0,-3.0,0.0
29800351,1610612752,New York,Knicks,369,Charlie,Ward,13929.0,19540.0,0.0,-3.0,0.091
29800351,1610612752,New York,Knicks,369,Charlie,Ward,22370.0,27240.0,3.0,1.0,0.118
29800351,1610612752,New York,Knicks,369,Charlie,Ward,28777.0,28800.0,0.0,0.0,1.0
29800351,1610612752,New York,Knicks,369,Charlie,Ward,31295.0,31410.0,0.0,2.0,0.0
29800351,1610612752,New York,Knicks,369,Charlie,Ward,31724.0,31800.0,0.0,1.0,0.5
29800351,1610612752,New York,Knicks,703,Kurt,Thomas,0.0,5320.0,4.0,0.0,0.35
29800351,1610612752,New York,Knicks,703,Kurt,Thomas,14400.0,19540.0,2.0,-3.0,0.1
29800351,1610612752,New York,Knicks,913,Larry,Johnson,0.0,3680.0,2.0,1.0,0.077
29800351,1610612752,New York,Knicks,913,Larry,Johnson,9900.0,13929.0,0.0,3.0,0.2
29800351,1610612752,New York,Knicks,913,Larry,Johnson,14400.0,19540.0,2.0,-3.0,0.25
29800351,1610612752,New York,Knicks,913,Larry,Johnson,27240.0,28010.0,0.0,-3.0,0.25
29800351,1610612752,New York,Knicks,913,Larry,Johnson,29500.0,31295.0,1.0,-5.0,0.2
29800351,1610612752,New York,Knicks,913,Larry,Johnson,31410.0,31715.0,0.0,0.0,0.0
29800351,1610612752,New York,Knicks,913,Larry,Johnson,31724.0,31724.0,0.0,0.0,0.0
29800351,1610612752,New York,Knicks,948,Marcus,Camby,5320.0,9900.0,2.0,-3.0,0.25
29800351,1610612752,New York,Knicks,948,Marcus,Camby,13929.0,14400.0,0.0,0.0,0.5
29800351,1610612752,New York,Knicks,948,Marcus,Camby,19540.0,27240.0,4.0,5.0,0.12
29800351,1610612752,New York,Knicks,948,Marcus,Camby,28010.0,28777.0,0.0,1.0,0.0
29800351,1610612752,New York,Knicks,948,Marcus,Camby,28800.0,29500.0,0.0,0.0,0.0
29800588,1610612752,New York,Knicks,84,Latrell,Sprewell,5790.0,14400.0,8.0,1.0,0.267
29800588,1610612752,New York,Knicks,84,Latrell,Sprewell,18830.0,28775.0,8.0,-3.0,0.344
29800588,1610612752,New York,Knicks,121,Patrick,Ewing,0.0,6070.0,2.0,-8.0,0.227
29800588,1610612752,New York,Knicks,121,Patrick,Ewing,12440.0,18270.0,3.0,2.0,0.143
29800588,1610612752,New York,Knicks,121,Patrick,Ewing,23390.0,28800.0,6.0,1.0,0.368
29800588,1610612752,New York,Knicks,164,Chris,Childs,7200.0,14400.0,1.0,4.0,0.2
29800588,1610612752,New York,Knicks,164,Chris,Childs,22170.0,28800.0,2.0,-1.0,0.227
29800588,1610612752,New York,Knicks,201,Chris,Dudley,6070.0,12440.0,1.0,4.0,0.091
29800588,1610612752,New York,Knicks,201,Chris,Dudley,18270.0,23390.0,2.0,-4.0,0.188
29800588,1610612752,New York,Knicks,275,Allan,Houston,0.0,9650.0,12.0,-4.0,0.314
29800588,1610612752,New York,Knicks,275,Allan,Houston,12900.0,19920.0,0.0,1.0,0.12
29800588,1610612752,New York,Knicks,275,Allan,Houston,20990.0,28800.0,0.0,0.0,0.077
29800588,1610612752,New York,Knicks,369,Charlie,Ward,0.0,7200.0,0.0,-9.0,0.038
29800588,1610612752,New York,Knicks,369,Charlie,Ward,14400.0,22170.0,7.0,1.0,0.192
29800588,1610612752,New York,Knicks,369,Charlie,Ward,28634.0,28800.0,0.0,-2.0,0.0
29800588,1610612752,New York,Knicks,703,Kurt,Thomas,0.0,5790.0,6.0,-6.0,0.381
29800588,1610612752,New York,Knicks,703,Kurt,Thomas,14400.0,18270.0,0.0,3.0,0.154
29800588,1610612752,New York,Knicks,913,Larry,Johnson,0.0,5790.0,0.0,-6.0,0.048
29800588,1610612752,New York,Knicks,913,Larry,Johnson,9650.0,18830.0,5.0,2.0,0.156
29800588,1610612752,New York,Knicks,913,Larry,Johnson,19920.0,28634.0,1.0,-1.0,0.037
29800588,1610612752,New York,Knicks,913,Larry,Johnson,28775.0,28800.0,0.0,0.0,1.0
29800588,1610612752,New York,Knicks,948,Marcus,Camby,5790.0,12900.0,3.0,3.0,0.24
29800588,1610612752,New York,Knicks,948,Marcus,Camby,18270.0,20990.0,0.0,-3.0,0.444
29800564,1610612752,New York,Knicks,84,Latrell,Sprewell,3590.0,14400.0,8.0,-1.0,0.306
29800564,1610612752,New York,Knicks,84,Latrell,Sprewell,20520.0,26720.0,2.0,-7.0,0.333
29800564,1610612752,New York,Knicks,84,Latrell,Sprewell,27650.0,28800.0,0.0,-8.0,0.0
29800564,1610612752,New York,Knicks,164,Chris,Childs,6609.0,14400.0,1.0,-2.0,0.083
29800564,1610612752,New York,Knicks,164,Chris,Childs,20520.0,26140.0,2.0,-5.0,0.25
29800564,1610612752,New York,Knicks,164,Chris,Childs,28150.0,28800.0,0.0,-5.0,0.2
29800564,1610612752,New York,Knicks,201,Chris,Dudley,0.0,4460.0,4.0,8.0,0.167
29800564,1610612752,New York,Knicks,201,Chris,Dudley,7200.0,9340.0,0.0,-6.0,0.143
29800564,1610612752,New York,Knicks,201,Chris,Dudley,14400.0,19820.0,0.0,6.0,0.056
29800564,1610612752,New York,Knicks,275,Allan,Houston,0.0,6609.0,8.0,6.0,0.32
29800564,1610612752,New York,Knicks,275,Allan,Houston,9340.0,20520.0,9.0,7.0,0.286
29800564,1610612752,New York,Knicks,275,Allan,Houston,21600.0,28800.0,6.0,-15.0,0.292
29800564,1610612752,New York,Knicks,369,Charlie,Ward,0.0,8300.0,6.0,7.0,0.161
29800564,1610612752,New York,Knicks,369,Charlie,Ward,14375.0,21600.0,0.0,5.0,0.04
29800564,1610612752,New York,Knicks,369,Charlie,Ward,26140.0,28800.0,0.0,-12.0,0.083
29800564,1610612752,New York,Knicks,703,Kurt,Thomas,0.0,7200.0,5.0,7.0,0.179
29800564,1610612752,New York,Knicks,703,Kurt,Thomas,12130.0,17670.0,6.0,6.0,0.375
29800564,1610612752,New York,Knicks,703,Kurt,Thomas,19820.0,24450.0,2.0,-6.0,0.071
29800564,1610612752,New York,Knicks,703,Kurt,Thomas,26720.0,27650.0,0.0,-2.0,0.5
29800564,1610612752,New York,Knicks,913,Larry,Johnson,0.0,3590.0,0.0,5.0,0.154
29800564,1610612752,New York,Knicks,913,Larry,Johnson,8300.0,13490.0,2.0,-6.0,0.125
29800564,1610612752,New York,Knicks,913,Larry,Johnson,14400.0,20520.0,3.0,4.0,0.35
29800564,1610612752,New York,Knicks,913,Larry,Johnson,24450.0,28150.0,0.0,-8.0,0.167
29800564,1610612752,New York,Knicks,948,Marcus,Camby,4460.0,12130.0,2.0,-7.0,0.08
29800564,1610612752,New York,Knicks,948,Marcus,Camby,13490.0,14375.0,0.0,0.0,0.0
29800564,1610612752,New York,Knicks,948,Marcus,Camby,17670.0,28800.0,5.0,-16.0,0.158
29800535,1610612752,New York,Knicks,84,Latrell,Sprewell,4810.0,14400.0,10.0,11.0,0.231
29800535,1610612752,New York,Knicks,84,Latrell,Sprewell,19780.0,28800.0,6.0,-5.0,0.257
29800535,1610612752,New York,Knicks,121,Patrick,Ewing,0.0,5540.0,1.0,10.0,0.222
29800535,1610612752,New York,Knicks,121,Patrick,Ewing,10680.0,12500.0,0.0,-1.0,0.167
29800535,1610612752,New York,Knicks,164,Chris,Childs,8960.0,14400.0,3.0,6.0,0.158
29800535,1610612752,New York,Knicks,164,Chris,Childs,20870.0,28800.0,0.0,-2.0,0.0
29800535,1610612752,New York,Knicks,201,Chris,Dudley,5540.0,10680.0,2.0,5.0,0.167
29800535,1610612752,New York,Knicks,201,Chris,Dudley,12500.0,19990.0,2.0,8.0,0.074
29800535,1610612752,New York,Knicks,201,Chris,Dudley,22450.0,24280.0,0.0,-3.0,0.0
29800535,1610612752,New York,Knicks,201,Chris,Dudley,26890.0,27490.0,0.0,-3.0,0.0
29800535,1610612752,New York,Knicks,275,Allan,Houston,0.0,8960.0,4.0,12.0,0.257
29800535,1610612752,New York,Knicks,275,Allan,Houston,14400.0,20870.0,5.0,3.0,0.217
29800535,1610612752,New York,Knicks,275,Allan,Houston,24280.0,27490.0,4.0,2.0,0.25
29800535,1610612752,New York,Knicks,369,Charlie,Ward,0.0,8960.0,2.0,12.0,0.114
29800535,1610612752,New York,Knicks,369,Charlie,Ward,14400.0,22450.0,0.0,2.0,0.143
29800535,1610612752,New York,Knicks,703,Kurt,Thomas,0.0,7200.0,9.0,14.0,0.192
29800535,1610612752,New York,Knicks,703,Kurt,Thomas,14400.0,22450.0,9.0,2.0,0.321
29800535,1610612752,New York,Knicks,766,David,Wingate,27490.0,28800.0,0.0,0.0,0.0
29800535,1610612752,New York,Knicks,913,Larry,Johnson,0.0,4810.0,7.0,7.0,0.2
29800535,1610612752,New York,Knicks,913,Larry,Johnson,8960.0,19780.0,8.0,12.0,0.189
29800535,1610612752,New York,Knicks,913,Larry,Johnson,22450.0,26890.0,2.0,2.0,0.333
29800535,1610612752,New York,Knicks,948,Marcus,Camby,7200.0,14400.0,4.0,4.0,0.185
29800535,1610612752,New York,Knicks,948,Marcus,Camby,19990.0,26890.0,11.0,0.0,0.333
29800535,1610612752,New York,Knicks,989,Ben,Davis,26890.0,28800.0,0.0,-3.0,0.3
29800535,1610612752,New York,Knicks,1006,Herb,Williams,27490.0,28800.0,2.0,0.0,0.333
29800467,1610612752,New York,Knicks,84,Latrell,Sprewell,0.0,4640.0,2.0,-11.0,0.263
29800467,1610612752,New York,Knicks,84,Latrell,Sprewell,9640.0,24630.0,16.0,-6.0,0.24
29800467,1610612752,New York,Knicks,84,Latrell,Sprewell,26110.0,28800.0,2.0,0.0,0.2
29800467,1610612752,New York,Knicks,121,Patrick,Ewing,0.0,7530.0,7.0,-6.0,0.321
29800467,1610612752,New York,Knicks,121,Patrick,Ewing,11160.0,21111.0,6.0,0.0,0.226
29800467,1610612752,New York,Knicks,121,Patrick,Ewing,23160.0,27980.0,3.0,-3.0,0.143
29800467,1610612752,New York,Knicks,164,Chris,Childs,6360.0,14400.0,7.0,-2.0,0.111
29800467,1610612752,New York,Knicks,164,Chris,Childs,20330.0,28800.0,4.0,-3.0,0.212
29800467,1610612752,New York,Knicks,201,Chris,Dudley,0.0,4640.0,0.0,-11.0,0.053
29800467,1610612752,New York,Knicks,201,Chris,Dudley,7530.0,11160.0,0.0,-1.0,0.25
29800467,1610612752,New York,Knicks,201,Chris,Dudley,14400.0,16690.0,0.0,-1.0,0.0
29800467,1610612752,New York,Knicks,201,Chris,Dudley,21111.0,23160.0,0.0,-4.0,0.143
29800467,1610612752,New York,Knicks,275,Allan,Houston,0.0,11330.0,15.0,-7.0,0.341
29800467,1610612752,New York,Knicks,275,Allan,Houston,13190.0,22540.0,0.0,3.0,0.071
29800467,1610612752,New York,Knicks,275,Allan,Houston,24630.0,28800.0,4.0,-3.0,0.333
29800467,1610612752,New York,Knicks,369,Charlie,Ward,0.0,6360.0,3.0,-10.0,0.125
29800467,1610612752,New York,Knicks,369,Charlie,Ward,11330.0,13190.0,0.0,-3.0,0.2
29800467,1610612752,New York,Knicks,369,Charlie,Ward,14400.0,20330.0,8.0,2.0,0.167
29800467,1610612752,New York,Knicks,369,Charlie,Ward,22540.0,26110.0,0.0,-6.0,0.111
29800467,1610612752,New York,Knicks,703,Kurt,Thomas,4640.0,9640.0,0.0,7.0,0.125
29800467,1610612752,New York,Knicks,703,Kurt,Thomas,16690.0,20070.0,0.0,3.0,0.182
29800467,1610612752,New York,Knicks,703,Kurt,Thomas,27980.0,28800.0,0.0,1.0,0.0
29800467,1610612752,New York,Knicks,913,Larry,Johnson,4640.0,14400.0,5.0,-1.0,0.121
29800467,1610612752,New York,Knicks,913,Larry,Johnson,20070.0,27980.0,11.0,-4.0,0.233
29800467,1610612752,New York,Knicks,989,Ben,Davis,27980.0,28800.0,2.0,1.0,0.25
29800419,1610612752,New York,Knicks,84,Latrell,Sprewell,4970.0,14400.0,12.0,-4.0,0.333
29800419,1610612752,New York,Knicks,84,Latrell,Sprewell,18960.0,28800.0,6.0,-2.0,0.229
29800419,1610612752,New York,Knicks,121,Patrick,Ewing,0.0,7200.0,12.0,5.0,0.32
29800419,1610612752,New York,Knicks,121,Patrick,Ewing,10230.0,21600.0,17.0,-1.0,0.378
29800419,1610612752,New York,Knicks,121,Patrick,Ewing,23570.0,28800.0,8.0,1.0,0.389
29800419,1610612752,New York,Knicks,164,Chris,Childs,4970.0,10230.0,0.0,-5.0,0.118
29800419,1610612752,New York,Knicks,164,Chris,Childs,20620.0,22020.0,0.0,1.0,0.4
29800419,1610612752,New York,Knicks,201,Chris,Dudley,0.0,4970.0,0.0,7.0,0.0
29800419,1610612752,New York,Knicks,201,Chris,Dudley,14400.0,20620.0,0.0,-3.0,0.05
29800419,1610612752,New York,Knicks,201,Chris,Dudley,28190.0,28406.0,0.0,0.0,0.0
29800419,1610612752,New York,Knicks,275,Allan,Houston,0.0,8270.0,7.0,6.0,0.207
29800419,1610612752,New York,Knicks,275,Allan,Houston,12400.0,12920.0,0.0,0.0,0.0
29800419,1610612752,New York,Knicks,275,Allan,Houston,14400.0,22180.0,6.0,-2.0,0.2
29800419,1610612752,New York,Knicks,275,Allan,Houston,24170.0,28800.0,4.0,2.0,0.118
29800419,1610612752,New York,Knicks,369,Charlie,Ward,0.0,4970.0,5.0,7.0,0.294
29800419,1610612752,New York,Knicks,369,Charlie,Ward,10230.0,20620.0,2.0,-2.0,0.091
29800419,1610612752,New York,Knicks,369,Charlie,Ward,22020.0,28800.0,0.0,0.0,0.13
29800419,1610612752,New York,Knicks,703,Kurt,Thomas,4970.0,10230.0,4.0,-5.0,0.294
29800419,1610612752,New York,Knicks,703,Kurt,Thomas,20620.0,23570.0,0.0,0.0,0.1
29800419,1610612752,New York,Knicks,766,David,Wingate,12920.0,14400.0,0.0,1.0,0.0
29800419,1610612752,New York,Knicks,913,Larry,Johnson,0.0,4970.0,0.0,7.0,0.0
29800419,1610612752,New York,Knicks,913,Larry,Johnson,8270.0,18960.0,5.0,-3.0,0.194
29800419,1610612752,New York,Knicks,913,Larry,Johnson,22180.0,28190.0,4.0,0.0,0.227
29800419,1610612752,New York,Knicks,913,Larry,Johnson,28406.0,28800.0,0.0,0.0,0.0
29800419,1610612752,New York,Knicks,948,Marcus,Camby,7200.0,12400.0,2.0,-3.0,0.125
29800419,1610612752,New York,Knicks,948,Marcus,Camby,21600.0,24170.0,0.0,-2.0,0.0
29800326,1610612752,New York,Knicks,84,Latrell,Sprewell,4850.0,13971.0,12.0,0.0,0.462
29800326,1610612752,New York,Knicks,84,Latrell,Sprewell,18440.0,28800.0,0.0,-15.0,0.189
29800326,1610612752,New York,Knicks,164,Chris,Childs,5620.0,14400.0,3.0,3.0,0.04
29800326,1610612752,New York,Knicks,164,Chris,Childs,19330.0,24600.0,2.0,-4.0,0.158
29800326,1610612752,New York,Knicks,164,Chris,Childs,26880.0,28800.0,3.0,-4.0,0.2
29800326,1610612752,New York,Knicks,201,Chris,Dudley,0.0,9480.0,4.0,3.0,0.1
29800326,1610612752,New York,Knicks,201,Chris,Dudley,14400.0,20270.0,2.0,-4.0,0.1
29800326,1610612752,New York,Knicks,275,Allan,Houston,0.0,8720.0,9.0,5.0,0.25
29800326,1610612752,New York,Knicks,275,Allan,Houston,11470.0,20620.0,4.0,5.0,0.172
29800326,1610612752,New York,Knicks,275,Allan,Houston,24600.0,28800.0,5.0,-10.0,0.375
29800326,1610612752,New York,Knicks,369,Charlie,Ward,0.0,5620.0,0.0,2.0,0.105
29800326,1610612752,New York,Knicks,369,Charlie,Ward,8720.0,11470.0,0.0,-9.0,0.125
29800326,1610612752,New York,Knicks,369,Charlie,Ward,13971.0,19330.0,5.0,4.0,0.333
29800326,1610612752,New York,Knicks,369,Charlie,Ward,20620.0,26880.0,2.0,-5.0,0.1
29800326,1610612752,New York,Knicks,369,Charlie,Ward,27710.0,28800.0,0.0,-3.0,0.286
29800326,1610612752,New York,Knicks,703,Kurt,Thomas,0.0,4850.0,8.0,2.0,0.313
29800326,1610612752,New York,Knicks,703,Kurt,Thomas,12360.0,20060.0,7.0,3.0,0.24
29800326,1610612752,New York,Knicks,703,Kurt,Thomas,24600.0,27710.0,2.0,-7.0,0.222
29800326,1610612752,New York,Knicks,913,Larry,Johnson,0.0,4850.0,2.0,2.0,0.313
29800326,1610612752,New York,Knicks,913,Larry,Johnson,9480.0,18440.0,0.0,4.0,0.111
29800326,1610612752,New York,Knicks,913,Larry,Johnson,20270.0,28409.0,2.0,-6.0,0.148
29800326,1610612752,New York,Knicks,913,Larry,Johnson,28417.0,28677.0,0.0,1.0,0.0
29800326,1610612752,New York,Knicks,948,Marcus,Camby,4850.0,12360.0,5.0,-4.0,0.143
29800326,1610612752,New York,Knicks,948,Marcus,Camby,20060.0,24600.0,1.0,1.0,0.235
29800326,1610612752,New York,Knicks,948,Marcus,Camby,28409.0,28417.0,0.0,-2.0,0.0
29800326,1610612752,New York,Knicks,948,Marcus,Camby,28677.0,28800.0,0.0,-2.0,0.0
29800694,1610612752,New York,Knicks,84,Latrell,Sprewell,4500.0,14400.0,6.0,-12.0,0.257
29800694,1610612752,New York,Knicks,84,Latrell,Sprewell,18240.0,28800.0,8.0,-3.0,0.222
29800694,1610612752,New York,Knicks,121,Patrick,Ewing,0.0,5130.0,6.0,-2.0,0.263
29800694,1610612752,New York,Knicks,121,Patrick,Ewing,9520.0,18790.0,9.0,-17.0,0.27
29800694,1610612752,New York,Knicks,164,Chris,Childs,7200.0,14400.0,0.0,-12.0,0.12
29800694,1610612752,New York,Knicks,164,Chris,Childs,20390.0,24420.0,0.0,3.0,0.154
29800694,1610612752,New York,Knicks,201,Chris,Dudley,5130.0,9520.0,0.0,-3.0,0.0
29800694,1610612752,New York,Knicks,201,Chris,Dudley,18790.0,25430.0,4.0,2.0,0.174
29800694,1610612752,New York,Knicks,275,Allan,Houston,0.0,8720.0,5.0,-4.0,0.281
29800694,1610612752,New York,Knicks,275,Allan,Houston,11480.0,20390.0,3.0,-13.0,0.162
29800694,1610612752,New York,Knicks,275,Allan,Houston,21600.0,26410.0,4.0,0.0,0.25
29800694,1610612752,New York,Knicks,369,Charlie,Ward,0.0,7200.0,2.0,-2.0,0.185
29800694,1610612752,New York,Knicks,369,Charlie,Ward,14400.0,21600.0,4.0,-5.0,0.074
29800694,1610612752,New York,Knicks,369,Charlie,Ward,24420.0,26410.0,0.0,-2.0,0.125
29800694,1610612752,New York,Knicks,703,Kurt,Thomas,0.0,6863.0,0.0,0.0,0.16
29800694,1610612752,New York,Knicks,703,Kurt,Thomas,14400.0,20820.0,5.0,-8.0,0.333
29800694,1610612752,New York,Knicks,766,David,Wingate,26410.0,28800.0,0.0,-4.0,0.25
29800694,1610612752,New York,Knicks,913,Larry,Johnson,0.0,4500.0,2.0,-2.0,0.118
29800694,1610612752,New York,Knicks,913,Larry,Johnson,8720.0,18240.0,5.0,-16.0,0.222
29800694,1610612752,New York,Knicks,913,Larry,Johnson,25430.0,26410.0,0.0,1.0,0.25
29800694,1610612752,New York,Knicks,948,Marcus,Camby,6863.0,11480.0,2.0,-7.0,0.143
29800694,1610612752,New York,Knicks,948,Marcus,Camby,20820.0,28800.0,2.0,-1.0,0.111
29800694,1610612752,New York,Knicks,1006,Herb,Williams,26410.0,28800.0,2.0,-4.0,0.125
29800694,1610612752,New York,Knicks,1594,Rick,Brunson,26410.0,28800.0,2.0,-4.0,0.25
29800044,1610612752,New York,Knicks,121,Patrick,Ewing,0.0,6912.0,10.0,3.0,0.391
29800044,1610612752,New York,Knicks,121,Patrick,Ewing,11260.0,14206.0,2.0,0.0,0.3
29800044,1610612752,New York,Knicks,121,Patrick,Ewing,14400.0,21341.0,2.0,-2.0,0.238
29800044,1610612752,New York,Knicks,121,Patrick,Ewing,24200.0,28495.0,2.0,1.0,0.375
29800044,1610612752,New York,Knicks,164,Chris,Childs,2980.0,14029.0,9.0,9.0,0.179
29800044,1610612752,New York,Knicks,164,Chris,Childs,14900.0,24420.0,1.0,-7.0,0.118
29800044,1610612752,New York,Knicks,164,Chris,Childs,25840.0,28800.0,3.0,5.0,0.091
29800044,1610612752,New York,Knicks,192,Dennis,Scott,4450.0,9110.0,2.0,7.0,0.059
29800044,1610612752,New York,Knicks,192,Dennis,Scott,11970.0,14400.0,0.0,4.0,0.125
29800044,1610612752,New York,Knicks,192,Dennis,Scott,18810.0,21341.0,0.0,-2.0,0.143
29800044,1610612752,New York,Knicks,192,Dennis,Scott,21600.0,24200.0,3.0,-2.0,0.273
29800044,1610612752,New York,Knicks,201,Chris,Dudley,6912.0,11970.0,2.0,6.0,0.056
29800044,1610612752,New York,Knicks,201,Chris,Dudley,21341.0,24200.0,2.0,-1.0,0.308
29800044,1610612752,New York,Knicks,275,Allan,Houston,0.0,2980.0,2.0,2.0,0.222
29800044,1610612752,New York,Knicks,275,Allan,Houston,7200.0,11260.0,8.0,8.0,0.462
29800044,1610612752,New York,Knicks,275,Allan,Houston,14400.0,14900.0,0.0,1.0,0.0
29800044,1610612752,New York,Knicks,275,Allan,Houston,21600.0,28495.0,1.0,-1.0,0.185
29800044,1610612752,New York,Knicks,369,Charlie,Ward,0.0,7200.0,1.0,5.0,0.16
29800044,1610612752,New York,Knicks,369,Charlie,Ward,11260.0,21600.0,13.0,-1.0,0.212
29800044,1610612752,New York,Knicks,369,Charlie,Ward,24200.0,28495.0,2.0,1.0,0.063
29800044,1610612752,New York,Knicks,703,Kurt,Thomas,0.0,4450.0,2.0,3.0,0.143
29800044,1610612752,New York,Knicks,703,Kurt,Thomas,9110.0,11260.0,2.0,3.0,0.286
29800044,1610612752,New York,Knicks,703,Kurt,Thomas,14206.0,18810.0,4.0,0.0,0.143
29800044,1610612752,New York,Knicks,703,Kurt,Thomas,24420.0,25840.0,0.0,1.0,0.0
29800044,1610612752,New York,Knicks,766,David,Wingate,14029.0,14400.0,0.0,2.0,0.0
29800044,1610612752,New York,Knicks,766,David,Wingate,21341.0,21600.0,0.0,1.0,0.0
29800044,1610612752,New York,Knicks,766,David,Wingate,28495.0,28800.0,0.0,2.0,0.0
29800044,1610612752,New York,Knicks,913,Larry,Johnson,0.0,4450.0,5.0,3.0,0.214
29800044,1610612752,New York,Knicks,913,Larry,Johnson,9110.0,13640.0,2.0,-2.0,0.067
29800044,1610612752,New York,Knicks,913,Larry,Johnson,14400.0,18810.0,5.0,0.0,0.286
29800044,1610612752,New York,Knicks,913,Larry,Johnson,21850.0,28495.0,6.0,-1.0,0.269
29800044,1610612752,New York,Knicks,948,Marcus,Camby,4450.0,9110.0,4.0,7.0,0.176
29800044,1610612752,New York,Knicks,948,Marcus,Camby,13640.0,14400.0,2.0,5.0,0.5
29800044,1610612752,New York,Knicks,948,Marcus,Camby,18810.0,21850.0,2.0,-1.0,0.1
29800044,1610612752,New York,Knicks,948,Marcus,Camby,28495.0,28800.0,0.0,2.0,0.0
29800044,1610612752,New York,Knicks,989,Ben,Davis,28495.0,28800.0,2.0,2.0,0.5
29800044,1610612752,New York,Knicks,1594,Rick,Brunson,28495.0,28800.0,0.0,2.0,0.0
29800074,1610612752,New York,Knicks,121,Patrick,Ewing,0.0,6657.0,8.0,6.0,0.238
29800074,1610612752,New York,Knicks,121,Patrick,Ewing,10520.0,21165.0,2.0,3.0,0.171
29800074,1610612752,New York,Knicks,121,Patrick,Ewing,23120.0,28800.0,4.0,1.0,0.2
29800074,1610612752,New York,Knicks,164,Chris,Childs,5160.0,10520.0,5.0,6.0,0.294
29800074,1610612752,New York,Knicks,164,Chris,Childs,18140.0,24070.0,0.0,-7.0,0.167
29800074,1610612752,New York,Knicks,164,Chris,Childs,24450.0,28800.0,2.0,5.0,0.059
29800074,1610612752,New York,Knicks,192,Dennis,Scott,10780.0,14378.0,0.0,5.0,0.154
29800074,1610612752,New York,Knicks,192,Dennis,Scott,21546.0,21600.0,0.0,0.0,0.0
29800074,1610612752,New York,Knicks,192,Dennis,Scott,24070.0,25470.0,0.0,0.0,0.2
29800074,1610612752,New York,Knicks,201,Chris,Dudley,6657.0,10520.0,2.0,-1.0,0.167
29800074,1610612752,New York,Knicks,201,Chris,Dudley,14378.0,14400.0,0.0,0.0,0.0
29800074,1610612752,New York,Knicks,275,Allan,Houston,0.0,7930.0,4.0,0.0,0.269
29800074,1610612752,New York,Knicks,275,Allan,Houston,10520.0,21165.0,8.0,3.0,0.286
29800074,1610612752,New York,Knicks,275,Allan,Houston,21546.0,22680.0,0.0,1.0,0.2
29800074,1610612752,New York,Knicks,275,Allan,Houston,23990.0,28800.0,7.0,3.0,0.278
29800074,1610612752,New York,Knicks,369,Charlie,Ward,0.0,6480.0,3.0,6.0,0.095
29800074,1610612752,New York,Knicks,369,Charlie,Ward,7930.0,20750.0,4.0,10.0,0.122
29800074,1610612752,New York,Knicks,369,Charlie,Ward,21546.0,21600.0,0.0,0.0,0.0
29800074,1610612752,New York,Knicks,369,Charlie,Ward,22680.0,24450.0,0.0,-4.0,0.0
29800074,1610612752,New York,Knicks,369,Charlie,Ward,25470.0,28800.0,3.0,4.0,0.143
29800074,1610612752,New York,Knicks,703,Kurt,Thomas,0.0,5160.0,2.0,-1.0,0.125
29800074,1610612752,New York,Knicks,703,Kurt,Thomas,14400.0,19370.0,6.0,4.0,0.286
29800074,1610612752,New York,Knicks,703,Kurt,Thomas,21165.0,21546.0,0.0,-1.0,0.0
29800074,1610612752,New York,Knicks,703,Kurt,Thomas,21600.0,23120.0,0.0,1.0,0.2
29800074,1610612752,New York,Knicks,766,David,Wingate,21165.0,21546.0,0.0,-1.0,0.0
29800074,1610612752,New York,Knicks,913,Larry,Johnson,0.0,5160.0,2.0,-1.0,0.313
29800074,1610612752,New York,Knicks,913,Larry,Johnson,6480.0,10780.0,2.0,-1.0,0.077
29800074,1610612752,New York,Knicks,913,Larry,Johnson,11900.0,18140.0,5.0,7.0,0.238
29800074,1610612752,New York,Knicks,913,Larry,Johnson,20750.0,21395.0,0.0,-3.0,0.0
29800074,1610612752,New York,Knicks,913,Larry,Johnson,21600.0,28800.0,3.0,2.0,0.24
29800074,1610612752,New York,Knicks,948,Marcus,Camby,5160.0,11900.0,4.0,6.0,0.227
29800074,1610612752,New York,Knicks,948,Marcus,Camby,19370.0,23990.0,2.0,-8.0,0.214
29800074,1610612752,New York,Knicks,1594,Rick,Brunson,21395.0,21546.0,0.0,0.0,0.0
29800080,1610612752,New York,Knicks,121,Patrick,Ewing,0.0,7200.0,2.0,-1.0,0.208
29800080,1610612752,New York,Knicks,121,Patrick,Ewing,11130.0,20330.0,3.0,5.0,0.147
29800080,1610612752,New York,Knicks,121,Patrick,Ewing,22910.0,28653.0,11.0,4.0,0.429
29800080,1610612752,New York,Knicks,164,Chris,Childs,3870.0,11130.0,5.0,6.0,0.273
29800080,1610612752,New York,Knicks,164,Chris,Childs,14130.0,14400.0,0.0,-2.0,0.0
29800080,1610612752,New York,Knicks,164,Chris,Childs,19540.0,25170.0,0.0,-7.0,0.095
29800080,1610612752,New York,Knicks,164,Chris,Childs,27860.0,28800.0,2.0,0.0,0.25
29800080,1610612752,New York,Knicks,192,Dennis,Scott,4830.0,11130.0,4.0,9.0,0.2
29800080,1610612752,New York,Knicks,192,Dennis,Scott,12700.0,14130.0,2.0,-5.0,0.6
29800080,1610612752,New York,Knicks,201,Chris,Dudley,7200.0,11130.0,0.0,10.0,0.0
29800080,1610612752,New York,Knicks,201,Chris,Dudley,20330.0,23400.0,0.0,-5.0,0.0
29800080,1610612752,New York,Knicks,275,Allan,Houston,0.0,4830.0,0.0,0.0,0.25
29800080,1610612752,New York,Knicks,275,Allan,Houston,7200.0,22400.0,14.0,12.0,0.216
29800080,1610612752,New York,Knicks,275,Allan,Houston,23400.0,28653.0,6.0,3.0,0.278
29800080,1610612752,New York,Knicks,369,Charlie,Ward,0.0,7200.0,5.0,-1.0,0.083
29800080,1610612752,New York,Knicks,369,Charlie,Ward,11130.0,19540.0,7.0,3.0,0.267
29800080,1610612752,New York,Knicks,369,Charlie,Ward,22400.0,28653.0,0.0,1.0,0.043
29800080,1610612752,New York,Knicks,703,Kurt,Thomas,0.0,5890.0,10.0,4.0,0.316
29800080,1610612752,New York,Knicks,703,Kurt,Thomas,12460.0,12700.0,0.0,0.0,0.0
29800080,1610612752,New York,Knicks,703,Kurt,Thomas,14400.0,16610.0,0.0,12.0,0.25
29800080,1610612752,New York,Knicks,703,Kurt,Thomas,23400.0,27860.0,0.0,1.0,0.125
29800080,1610612752,New York,Knicks,703,Kurt,Thomas,28200.0,28800.0,0.0,-4.0,0.0
29800080,1610612752,New York,Knicks,913,Larry,Johnson,0.0,3870.0,4.0,3.0,0.214
29800080,1610612752,New York,Knicks,913,Larry,Johnson,11130.0,14111.0,2.0,-6.0,0.167
29800080,1610612752,New York,Knicks,913,Larry,Johnson,14400.0,22910.0,7.0,7.0,0.143
29800080,1610612752,New York,Knicks,913,Larry,Johnson,25170.0,28200.0,0.0,9.0,0.0
29800080,1610612752,New York,Knicks,948,Marcus,Camby,5890.0,12460.0,4.0,4.0,0.13
29800080,1610612752,New York,Knicks,948,Marcus,Camby,14111.0,14400.0,0.0,-2.0,0.5
29800080,1610612752,New York,Knicks,948,Marcus,Camby,16610.0,23400.0,7.0,-4.0,0.333
29800080,1610612752,New York,Knicks,948,Marcus,Camby,28653.0,28800.0,0.0,-2.0,0.0
29800080,1610612752,New York,Knicks,989,Ben,Davis,28653.0,28800.0,0.0,-2.0,0.0
29800080,1610612752,New York,Knicks,1594,Rick,Brunson,28653.0,28800.0,0.0,-2.0,0.0
29800617,1610612752,New York,Knicks,84,Latrell,Sprewell,4680.0,14400.0,12.0,9.0,0.297
29800617,1610612752,New York,Knicks,84,Latrell,Sprewell,19040.0,28800.0,0.0,-9.0,0.132
29800617,1610612752,New York,Knicks,121,Patrick,Ewing,0.0,6090.0,8.0,5.0,0.286
29800617,1610612752,New York,Knicks,121,Patrick,Ewing,10930.0,21374.0,14.0,3.0,0.3
29800617,1610612752,New York,Knicks,121,Patrick,Ewing,25560.0,28664.0,4.0,-3.0,0.333
29800617,1610612752,New York,Knicks,121,Patrick,Ewing,28716.0,28732.0,0.0,2.0,0.0
29800617,1610612752,New York,Knicks,164,Chris,Childs,7200.0,14400.0,0.0,5.0,0.071
29800617,1610612752,New York,Knicks,164,Chris,Childs,21600.0,24420.0,2.0,-1.0,0.222
29800617,1610612752,New York,Knicks,164,Chris,Childs,28664.0,28800.0,0.0,0.0,0.0
29800617,1610612752,New York,Knicks,201,Chris,Dudley,6090.0,10930.0,2.0,3.0,0.222
29800617,1610612752,New York,Knicks,275,Allan,Houston,0.0,10540.0,13.0,8.0,0.282
29800617,1610612752,New York,Knicks,275,Allan,Houston,14400.0,24070.0,10.0,-4.0,0.2
29800617,1610612752,New York,Knicks,275,Allan,Houston,24420.0,28800.0,7.0,-5.0,0.235
29800617,1610612752,New York,Knicks,369,Charlie,Ward,0.0,7200.0,3.0,9.0,0.08
29800617,1610612752,New York,Knicks,369,Charlie,Ward,14400.0,21600.0,3.0,-3.0,0.111
29800617,1610612752,New York,Knicks,369,Charlie,Ward,24070.0,28664.0,0.0,-5.0,0.188
29800617,1610612752,New York,Knicks,703,Kurt,Thomas,0.0,5270.0,2.0,5.0,0.167
29800617,1610612752,New York,Knicks,703,Kurt,Thomas,14400.0,20350.0,5.0,0.0,0.143
29800617,1610612752,New York,Knicks,703,Kurt,Thomas,21374.0,21990.0,0.0,-4.0,0.0
29800617,1610612752,New York,Knicks,913,Larry,Johnson,0.0,4680.0,0.0,5.0,0.125
29800617,1610612752,New York,Knicks,913,Larry,Johnson,10540.0,19040.0,0.0,6.0,0.129
29800617,1610612752,New York,Knicks,913,Larry,Johnson,21990.0,25560.0,5.0,1.0,0.182
29800617,1610612752,New York,Knicks,913,Larry,Johnson,28651.0,28800.0,2.0,2.0,0.333
29800617,1610612752,New York,Knicks,948,Marcus,Camby,5270.0,14400.0,9.0,9.0,0.171
29800617,1610612752,New York,Knicks,948,Marcus,Camby,20350.0,28651.0,9.0,-11.0,0.233
29800617,1610612752,New York,Knicks,948,Marcus,Camby,28664.0,28716.0,0.0,0.0,0.0
29800617,1610612752,New York,Knicks,948,Marcus,Camby,28732.0,28800.0,0.0,-2.0,0.0
29800266,1610612752,New York,Knicks,84,Latrell,Sprewell,4050.0,10950.0,5.0,7.0,0.269
29800266,1610612752,New York,Knicks,84,Latrell,Sprewell,11840.0,14400.0,4.0,-2.0,0.429
29800266,1610612752,New York,Knicks,84,Latrell,Sprewell,17840.0,26720.0,2.0,-1.0,0.161
29800266,1610612752,New York,Knicks,164,Chris,Childs,5780.0,11840.0,0.0,15.0,0.05
29800266,1610612752,New York,Knicks,164,Chris,Childs,19020.0,28800.0,2.0,-2.0,0.105
29800266,1610612752,New York,Knicks,201,Chris,Dudley,0.0,4050.0,2.0,-3.0,0.067
29800266,1610612752,New York,Knicks,201,Chris,Dudley,14400.0,17840.0,2.0,7.0,0.111
29800266,1610612752,New York,Knicks,201,Chris,Dudley,21567.0,21600.0,0.0,0.0,0.0
29800266,1610612752,New York,Knicks,201,Chris,Dudley,23750.0,25940.0,0.0,5.0,0.0
29800266,1610612752,New York,Knicks,275,Allan,Houston,0.0,4050.0,0.0,-3.0,0.2
29800266,1610612752,New York,Knicks,275,Allan,Houston,5780.0,21184.0,15.0,18.0,0.277
29800266,1610612752,New York,Knicks,275,Allan,Houston,21600.0,23750.0,2.0,-6.0,0.125
29800266,1610612752,New York,Knicks,275,Allan,Houston,26720.0,28800.0,2.0,-2.0,0.2
29800266,1610612752,New York,Knicks,369,Charlie,Ward,0.0,5780.0,5.0,-5.0,0.261
29800266,1610612752,New York,Knicks,369,Charlie,Ward,10950.0,19020.0,0.0,10.0,0.091
29800266,1610612752,New York,Knicks,369,Charlie,Ward,23750.0,28800.0,4.0,4.0,0.2
29800266,1610612752,New York,Knicks,703,Kurt,Thomas,0.0,5780.0,2.0,-5.0,0.174
29800266,1610612752,New York,Knicks,703,Kurt,Thomas,8290.0,19750.0,12.0,14.0,0.257
29800266,1610612752,New York,Knicks,703,Kurt,Thomas,21184.0,23750.0,3.0,-5.0,0.4
29800266,1610612752,New York,Knicks,913,Larry,Johnson,0.0,8290.0,7.0,1.0,0.194
29800266,1610612752,New York,Knicks,913,Larry,Johnson,12570.0,21567.0,8.0,4.0,0.154
29800266,1610612752,New York,Knicks,913,Larry,Johnson,23010.0,28800.0,2.0,2.0,0.174
29800266,1610612752,New York,Knicks,948,Marcus,Camby,4050.0,12570.0,10.0,13.0,0.226
29800266,1610612752,New York,Knicks,948,Marcus,Camby,19750.0,23010.0,3.0,-5.0,0.25
29800266,1610612752,New York,Knicks,948,Marcus,Camby,25940.0,28800.0,6.0,-1.0,0.385
29800395,1610612752,New York,Knicks,84,Latrell,Sprewell,5120.0,14400.0,13.0,2.0,0.406
29800395,1610612752,New York,Knicks,84,Latrell,Sprewell,18870.0,28800.0,10.0,-5.0,0.289
29800395,1610612752,New York,Knicks,121,Patrick,Ewing,0.0,7610.0,5.0,-2.0,0.192
29800395,1610612752,New York,Knicks,121,Patrick,Ewing,11800.0,20870.0,6.0,1.0,0.258
29800395,1610612752,New York,Knicks,121,Patrick,Ewing,21600.0,23400.0,0.0,-3.0,0.2
29800395,1610612752,New York,Knicks,121,Patrick,Ewing,25030.0,28800.0,2.0,6.0,0.211
29800395,1610612752,New York,Knicks,164,Chris,Childs,5120.0,14400.0,3.0,2.0,0.156
29800395,1610612752,New York,Knicks,164,Chris,Childs,20870.0,25030.0,0.0,-9.0,0.0
29800395,1610612752,New York,Knicks,275,Allan,Houston,0.0,6500.0,9.0,-5.0,0.435
29800395,1610612752,New York,Knicks,275,Allan,Houston,7610.0,12790.0,7.0,5.0,0.111
29800395,1610612752,New York,Knicks,275,Allan,Houston,14400.0,21119.0,13.0,8.0,0.478
29800395,1610612752,New York,Knicks,275,Allan,Houston,23400.0,28800.0,0.0,1.0,0.087
29800395,1610612752,New York,Knicks,369,Charlie,Ward,0.0,5120.0,0.0,-3.0,0.167
29800395,1610612752,New York,Knicks,369,Charlie,Ward,14400.0,20870.0,2.0,11.0,0.136
29800395,1610612752,New York,Knicks,369,Charlie,Ward,25030.0,28800.0,3.0,6.0,0.211
29800395,1610612752,New York,Knicks,703,Kurt,Thomas,0.0,6500.0,0.0,-5.0,0.087
29800395,1610612752,New York,Knicks,703,Kurt,Thomas,14400.0,21600.0,3.0,10.0,0.12
29800395,1610612752,New York,Knicks,913,Larry,Johnson,0.0,5120.0,0.0,-3.0,0.111
29800395,1610612752,New York,Knicks,913,Larry,Johnson,6500.0,11800.0,6.0,14.0,0.211
29800395,1610612752,New York,Knicks,913,Larry,Johnson,12790.0,18870.0,0.0,9.0,0.0
29800395,1610612752,New York,Knicks,913,Larry,Johnson,21119.0,28800.0,8.0,0.0,0.2
29800395,1610612752,New York,Knicks,948,Marcus,Camby,6500.0,14400.0,2.0,4.0,0.036
29800395,1610612752,New York,Knicks,948,Marcus,Camby,20870.0,25030.0,2.0,-9.0,0.167
29800545,1610612752,New York,Knicks,84,Latrell,Sprewell,4600.0,14400.0,6.0,-3.0,0.225
29800545,1610612752,New York,Knicks,84,Latrell,Sprewell,19070.0,29220.0,4.0,-2.0,0.281
29800545,1610612752,New York,Knicks,84,Latrell,Sprewell,30820.0,31800.0,0.0,-6.0,0.167
29800545,1610612752,New York,Knicks,164,Chris,Childs,5800.0,14400.0,2.0,-2.0,0.176
29800545,1610612752,New York,Knicks,164,Chris,Childs,21600.0,31800.0,5.0,-9.0,0.176
29800545,1610612752,New York,Knicks,201,Chris,Dudley,0.0,5040.0,2.0,4.0,0.1
29800545,1610612752,New York,Knicks,201,Chris,Dudley,9340.0,13802.0,2.0,-7.0,0.059
29800545,1610612752,New York,Knicks,201,Chris,Dudley,14400.0,22340.0,6.0,0.0,0.192
29800545,1610612752,New York,Knicks,201,Chris,Dudley,27590.0,27650.0,0.0,0.0,0.0
29800545,1610612752,New York,Knicks,201,Chris,Dudley,28619.0,28800.0,0.0,0.0,0.0
29800545,1610612752,New York,Knicks,201,Chris,Dudley,29220.0,30820.0,0.0,-2.0,0.0
29800545,1610612752,New York,Knicks,275,Allan,Houston,0.0,4600.0,2.0,4.0,0.412
29800545,1610612752,New York,Knicks,275,Allan,Houston,9330.0,13100.0,2.0,-4.0,0.235
29800545,1610612752,New York,Knicks,275,Allan,Houston,14400.0,19070.0,2.0,3.0,0.278
29800545,1610612752,New York,Knicks,275,Allan,Houston,22710.0,31800.0,5.0,-6.0,0.161
29800545,1610612752,New York,Knicks,369,Charlie,Ward,0.0,9330.0,8.0,8.0,0.135
29800545,1610612752,New York,Knicks,369,Charlie,Ward,14400.0,21600.0,3.0,2.0,0.042
29800545,1610612752,New York,Knicks,369,Charlie,Ward,22340.0,22710.0,0.0,-1.0,0.0
29800545,1610612752,New York,Knicks,369,Charlie,Ward,28500.0,28619.0,3.0,3.0,0.5
29800545,1610612752,New York,Knicks,369,Charlie,Ward,31550.0,31800.0,0.0,-2.0,0.0
29800545,1610612752,New York,Knicks,703,Kurt,Thomas,0.0,9340.0,7.0,8.0,0.189
29800545,1610612752,New York,Knicks,703,Kurt,Thomas,13802.0,17240.0,0.0,-1.0,0.357
29800545,1610612752,New York,Knicks,703,Kurt,Thomas,21600.0,23110.0,0.0,-5.0,0.4
29800545,1610612752,New York,Knicks,913,Larry,Johnson,0.0,5800.0,4.0,3.0,0.182
29800545,1610612752,New York,Knicks,913,Larry,Johnson,11140.0,21600.0,5.0,-3.0,0.222
29800545,1610612752,New York,Knicks,913,Larry,Johnson,23110.0,27590.0,0.0,4.0,0.143
29800545,1610612752,New York,Knicks,913,Larry,Johnson,27650.0,31660.0,3.0,-7.0,0.214
29800545,1610612752,New York,Knicks,948,Marcus,Camby,5040.0,11140.0,5.0,2.0,0.2
29800545,1610612752,New York,Knicks,948,Marcus,Camby,13100.0,14400.0,2.0,-3.0,0.333
29800545,1610612752,New York,Knicks,948,Marcus,Camby,17240.0,28500.0,11.0,-3.0,0.152
29800545,1610612752,New York,Knicks,948,Marcus,Camby,28800.0,31550.0,0.0,-4.0,0.222
29800545,1610612752,New York,Knicks,948,Marcus,Camby,31660.0,31800.0,0.0,-1.0,0.0
29800291,1610612752,New York,Knicks,84,Latrell,Sprewell,4750.0,14400.0,10.0,7.0,0.3
29800291,1610612752,New York,Knicks,84,Latrell,Sprewell,18190.0,28800.0,6.0,7.0,0.135
29800291,1610612752,New York,Knicks,164,Chris,Childs,4750.0,14230.0,6.0,8.0,0.077
29800291,1610612752,New York,Knicks,164,Chris,Childs,14368.0,14400.0,0.0,0.0,1.0
29800291,1610612752,New York,Knicks,164,Chris,Childs,18190.0,28800.0,6.0,7.0,0.216
29800291,1610612752,New York,Knicks,201,Chris,Dudley,0.0,7200.0,0.0,-2.0,0.167
29800291,1610612752,New York,Knicks,201,Chris,Dudley,13874.0,18190.0,2.0,-8.0,0.125
29800291,1610612752,New York,Knicks,201,Chris,Dudley,19600.0,27840.0,5.0,8.0,0.103
29800291,1610612752,New York,Knicks,275,Allan,Houston,0.0,7200.0,9.0,-2.0,0.3
29800291,1610612752,New York,Knicks,275,Allan,Houston,10140.0,23020.0,11.0,2.0,0.273
29800291,1610612752,New York,Knicks,275,Allan,Houston,25590.0,28800.0,0.0,6.0,0.083
29800291,1610612752,New York,Knicks,369,Charlie,Ward,0.0,4750.0,0.0,3.0,0.211
29800291,1610612752,New York,Knicks,369,Charlie,Ward,7200.0,10140.0,3.0,4.0,0.333
29800291,1610612752,New York,Knicks,369,Charlie,Ward,14400.0,18190.0,0.0,-9.0,0.231
29800291,1610612752,New York,Knicks,369,Charlie,Ward,23020.0,25590.0,2.0,-2.0,0.182
29800291,1610612752,New York,Knicks,369,Charlie,Ward,27840.0,28800.0,1.0,-2.0,0.25
29800291,1610612752,New York,Knicks,703,Kurt,Thomas,0.0,6320.0,8.0,0.0,0.292
29800291,1610612752,New York,Knicks,703,Kurt,Thomas,12440.0,13874.0,0.0,-3.0,0.0
29800291,1610612752,New York,Knicks,703,Kurt,Thomas,14400.0,16350.0,0.0,-6.0,0.25
29800291,1610612752,New York,Knicks,703,Kurt,Thomas,19700.0,23020.0,2.0,2.0,0.4
29800291,1610612752,New York,Knicks,766,David,Wingate,14230.0,14368.0,0.0,-1.0,0.0
29800291,1610612752,New York,Knicks,913,Larry,Johnson,0.0,4750.0,0.0,3.0,0.053
29800291,1610612752,New York,Knicks,913,Larry,Johnson,7200.0,19600.0,14.0,4.0,0.239
29800291,1610612752,New York,Knicks,913,Larry,Johnson,23020.0,28800.0,5.0,4.0,0.174
29800291,1610612752,New York,Knicks,948,Marcus,Camby,6320.0,12440.0,4.0,12.0,0.077
29800291,1610612752,New York,Knicks,948,Marcus,Camby,16350.0,19700.0,0.0,-2.0,0.111
29800380,1610612752,New York,Knicks,84,Latrell,Sprewell,4820.0,14400.0,9.0,4.0,0.333
29800380,1610612752,New York,Knicks,84,Latrell,Sprewell,20160.0,28800.0,7.0,1.0,0.324
29800380,1610612752,New York,Knicks,121,Patrick,Ewing,0.0,5660.0,5.0,-1.0,0.375
29800380,1610612752,New York,Knicks,121,Patrick,Ewing,9330.0,20330.0,14.0,4.0,0.308
29800380,1610612752,New York,Knicks,121,Patrick,Ewing,24110.0,28800.0,4.0,-4.0,0.25
29800380,1610612752,New York,Knicks,164,Chris,Childs,4990.0,14400.0,2.0,4.0,0.139
29800380,1610612752,New York,Knicks,164,Chris,Childs,20160.0,28800.0,2.0,1.0,0.088
29800380,1610612752,New York,Knicks,201,Chris,Dudley,5660.0,9330.0,3.0,-5.0,0.143
29800380,1610612752,New York,Knicks,201,Chris,Dudley,20330.0,24110.0,0.0,5.0,0.0
29800380,1610612752,New York,Knicks,275,Allan,Houston,0.0,7200.0,2.0,-6.0,0.2
29800380,1610612752,New York,Knicks,275,Allan,Houston,14400.0,22460.0,4.0,1.0,0.185
29800380,1610612752,New York,Knicks,275,Allan,Houston,28685.0,28783.0,0.0,0.0,0.0
29800380,1610612752,New York,Knicks,369,Charlie,Ward,0.0,4990.0,3.0,-3.0,0.136
29800380,1610612752,New York,Knicks,369,Charlie,Ward,7200.0,20160.0,8.0,4.0,0.174
29800380,1610612752,New York,Knicks,369,Charlie,Ward,22460.0,28800.0,5.0,-3.0,0.192
29800380,1610612752,New York,Knicks,703,Kurt,Thomas,0.0,7200.0,4.0,-6.0,0.167
29800380,1610612752,New York,Knicks,703,Kurt,Thomas,14400.0,20160.0,0.0,-3.0,0.105
29800380,1610612752,New York,Knicks,703,Kurt,Thomas,22910.0,26850.0,4.0,1.0,0.286
29800380,1610612752,New York,Knicks,913,Larry,Johnson,0.0,4820.0,4.0,-3.0,0.143
29800380,1610612752,New York,Knicks,913,Larry,Johnson,11430.0,22910.0,7.0,5.0,0.15
29800380,1610612752,New York,Knicks,913,Larry,Johnson,26850.0,28685.0,2.0,-3.0,0.125
29800380,1610612752,New York,Knicks,913,Larry,Johnson,28783.0,28800.0,0.0,0.0,1.0
29800380,1610612752,New York,Knicks,948,Marcus,Camby,7200.0,11430.0,2.0,2.0,0.063
